17
1 1 4 8 12 16 20 24 28 32 36 40 44 48 52 56 60
1 1 1 4 8 12 16 20 24 28 32 36 40 44 48 52 56
4 1 1 1 4 8 12 16 20 24 28 32 36 40 44 48 52
8 4 1 1 1 4 8 12 16 20 24 28 32 36 40 44 48
12 8 4 1 1 1 4 8 12 16 20 24 28 32 36 40 44
16 12 8 4 1 1 1 4 8 12 16 20 24 28 32 36 40
20 16 12 8 4 1 1 1 4 8 12 16 20 24 28 32 36
24 20 16 12 8 4 1 1 1 4 8 12 16 20 24 28 32
28 24 20 16 12 8 4 1 1 1 4 8 12 16 20 24 28
32 28 24 20 16 12 8 4 1 1 1 4 8 12 16 20 24
36 32 28 24 20 16 12 8 4 1 1 1 4 8 12 16 20
40 36 32 28 24 20 16 12 8 4 1 1 1 4 8 12 16
44 40 36 32 28 24 20 16 12 8 4 1 1 1 4 8 12
48 44 40 36 32 28 24 20 16 12 8 4 1 1 1 4 8
52 48 44 40 36 32 28 24 20 16 12 8 4 1 1 1 4
56 52 48 44 40 36 32 28 24 20 16 12 8 4 1 1 1
60 56 52 48 44 40 36 32 28 24 20 16 12 8 4 1 1
180.0 181.5 183.0 184.5 186.0 187.5 189.0 190.5 192.0 193.5 195.0 196.5 198.0 199.5 201.0 202.5 204.0
181.5 182.8125 184.125 185.4375 186.75 188.0625 189.375 190.6875 192.0 193.3125 194.625 195.9375 197.25 198.5625 199.875 201.1875 202.5
183.0 184.125 185.25 186.375 187.5 188.625 189.75 190.875 192.0 193.125 194.25 195.375 196.5 197.625 198.75 199.875 201.0
184.5 185.4375 186.375 187.3125 188.25 189.1875 190.125 191.0625 192.0 192.9375 193.875 194.8125 195.75 196.6875 197.625 198.5625 199.5
186.0 186.75 187.5 188.25 189.0 189.75 190.5 191.25 192.0 192.75 193.5 194.25 195.0 195.75 196.5 197.25 198.0
187.5 188.0625 188.625 189.1875 189.75 190.3125 190.875 191.4375 192.0 192.5625 193.125 193.6875 194.25 194.8125 195.375 195.9375 196.5
189.0 189.375 189.75 190.125 190.5 190.875 191.25 191.625 192.0 192.375 192.75 193.125 193.5 193.875 194.25 194.625 195.0
190.5 190.6875 190.875 191.0625 191.25 191.4375 191.625 191.8125 192.0 192.1875 192.375 192.5625 192.75 192.9375 193.125 193.3125 193.5
192.0 192.0 192.0 192.0 192.0 192.0 192.0 192.0 192.0 192.0 192.0 192.0 192.0 192.0 192.0 192.0 192.0
193.5 193.3125 193.125 192.9375 192.75 192.5625 192.375 192.1875 192.0 191.8125 191.625 191.4375 191.25 191.0625 190.875 190.6875 190.5
195.0 194.625 194.25 193.875 193.5 193.125 192.75 192.375 192.0 191.625 191.25 190.875 190.5 190.125 189.75 189.375 189.0
196.5 195.9375 195.375 194.8125 194.25 193.6875 193.125 192.5625 192.0 191.4375 190.875 190.3125 189.75 189.1875 188.625 188.0625 187.5
198.0 197.25 196.5 195.75 195.0 194.25 193.5 192.75 192.0 191.25 190.5 189.75 189.0 188.25 187.5 186.75 186.0
199.5 198.5625 197.625 196.6875 195.75 194.8125 193.875 192.9375 192.0 191.0625 190.125 189.1875 188.25 187.3125 186.375 185.4375 184.5
201.0 199.875 198.75 197.625 196.5 195.375 194.25 193.125 192.0 190.875 189.75 188.625 187.5 186.375 185.25 184.125 183.0
202.5 201.1875 199.875 198.5625 197.25 195.9375 194.625 193.3125 192.0 190.6875 189.375 188.0625 186.75 185.4375 184.125 182.8125 181.5
204.0 202.5 201.0 199.5 198.0 196.5 195.0 193.5 192.0 190.5 189.0 187.5 186.0 184.5 183.0 181.5 180.0
