9
1 1 4 8 12 16 20 24 28
1 1 1 4 8 12 16 20 24
4 1 1 1 4 8 12 16 20
8 4 1 1 1 4 8 12 16
12 8 4 1 1 1 4 8 12
16 12 8 4 1 1 1 4 8
20 16 12 8 4 1 1 1 4
24 20 16 12 8 4 1 1 1
28 24 20 16 12 8 4 1 1
42.0 43.5 45.0 46.5 48.0 49.5 51.0 52.5 54.0
43.5 44.625 45.75 46.875 48.0 49.125 50.25 51.375 52.5
45.0 45.75 46.5 47.25 48.0 48.75 49.5 50.25 51.0
46.5 46.875 47.25 47.625 48.0 48.375 48.75 49.125 49.5
48.0 48.0 48.0 48.0 48.0 48.0 48.0 48.0 48.0
49.5 49.125 48.75 48.375 48.0 47.625 47.25 46.875 46.5
51.0 50.25 49.5 48.75 48.0 47.25 46.5 45.75 45.0
52.5 51.375 50.25 49.125 48.0 46.875 45.75 44.625 43.5
54.0 52.5 51.0 49.5 48.0 46.5 45.0 43.5 42.0
