256 20000
108288.0 105516.0 104214.0 112695.0 107766.0 109059.0 111156.0 115440.0 115404.0 115917.0 122025.0 120699.0 124089.0 125427.0 133764.0 131901.0 105516.0 109344.0 110553.0 108129.0 110511.0 111669.0 115113.0 113343.0 115422.0 122589.0 121857.0 116721.0 124221.0 124452.0 127818.0 126102.0 104214.0 110553.0 111462.0 112599.0 109437.0 115839.0 118035.0 111846.0 114078.0 119613.0 121239.0 123726.0 121611.0 120810.0 123714.0 124584.0 112695.0 108129.0 112599.0 108234.0 116952.0 115452.0 115698.0 116433.0 118023.0 114450.0 121524.0 115956.0 120384.0 117294.0 127554.0 121983.0 107766.0 110511.0 109437.0 116952.0 112020.0 115527.0 118323.0 118665.0 115494.0 121479.0 114648.0 122562.0 117654.0 122802.0 117741.0 121779.0 109059.0 111669.0 115839.0 115452.0 115527.0 115176.0 113946.0 112404.0 115269.0 110427.0 122604.0 119550.0 119706.0 120840.0 126003.0 119889.0 111156.0 115113.0 118035.0 115698.0 118323.0 113946.0 120660.0 112644.0 116985.0 119406.0 112425.0 115533.0 122160.0 113694.0 117228.0 120354.0 115440.0 113343.0 111846.0 116433.0 118665.0 112404.0 112644.0 121098.0 125019.0 112560.0 117330.0 116469.0 115887.0 117072.0 120606.0 116544.0 115404.0 115422.0 114078.0 118023.0 115494.0 115269.0 116985.0 125019.0 114912.0 118245.0 118470.0 118158.0 110931.0 118338.0 114123.0 114489.0 115917.0 122589.0 119613.0 114450.0 121479.0 110427.0 119406.0 112560.0 118245.0 118242.0 116613.0 114234.0 118494.0 112947.0 112245.0 115899.0 122025.0 121857.0 121239.0 121524.0 114648.0 122604.0 112425.0 117330.0 118470.0 116613.0 117312.0 113394.0 114087.0 111996.0 106113.0 111723.0 120699.0 116721.0 123726.0 115956.0 122562.0 119550.0 115533.0 116469.0 118158.0 114234.0 113394.0 119742.0 112518.0 115887.0 109470.0 108741.0 124089.0 124221.0 121611.0 120384.0 117654.0 119706.0 122160.0 115887.0 110931.0 118494.0 114087.0 112518.0 110178.0 114156.0 108753.0 108531.0 125427.0 124452.0 120810.0 117294.0 122802.0 120840.0 113694.0 117072.0 118338.0 112947.0 111996.0 115887.0 114156.0 108894.0 108585.0 110166.0 133764.0 127818.0 123714.0 127554.0 117741.0 126003.0 117228.0 120606.0 114123.0 112245.0 106113.0 109470.0 108753.0 108585.0 104004.0 105639.0 131901.0 126102.0 124584.0 121983.0 121779.0 119889.0 120354.0 116544.0 114489.0 115899.0 111723.0 108741.0 108531.0 110166.0 105639.0 105036.0
1296.0 0.0 0.0 0.0 0.0 0.0 0.0 0.0 0.0 0.0 0.0 0.0 0.0 0.0 0.0 0.0 0.0 68.0 83.0 101.0 84.0 85.0 84.0 93.0 77.0 100.0 87.0 74.0 90.0 98.0 88.0 84.0 0.0 83.0 102.0 65.0 80.0 85.0 86.0 79.0 93.0 86.0 100.0 86.0 85.0 74.0 89.0 103.0 0.0 101.0 65.0 94.0 102.0 91.0 80.0 80.0 82.0 85.0 91.0 90.0 81.0 84.0 94.0 76.0 0.0 84.0 80.0 102.0 78.0 86.0 81.0 77.0 85.0 96.0 79.0 86.0 82.0 93.0 94.0 93.0 0.0 85.0 85.0 91.0 86.0 88.0 85.0 97.0 75.0 77.0 75.0 87.0 93.0 90.0 89.0 93.0 0.0 84.0 86.0 80.0 81.0 85.0 106.0 71.0 93.0 93.0 81.0 96.0 98.0 80.0 86.0 76.0 0.0 93.0 79.0 80.0 77.0 97.0 71.0 94.0 91.0 90.0 87.0 76.0 82.0 85.0 97.0 97.0 0.0 77.0 93.0 82.0 85.0 75.0 93.0 91.0 88.0 82.0 95.0 94.0 87.0 88.0 86.0 80.0 0.0 100.0 86.0 85.0 96.0 77.0 93.0 90.0 82.0 98.0 78.0 86.0 94.0 76.0 82.0 73.0 0.0 87.0 100.0 91.0 79.0 75.0 81.0 87.0 95.0 78.0 84.0 95.0 93.0 92.0 76.0 83.0 0.0 74.0 86.0 90.0 86.0 87.0 96.0 76.0 94.0 86.0 95.0 94.0 73.0 91.0 74.0 94.0 0.0 90.0 85.0 81.0 82.0 93.0 98.0 82.0 87.0 94.0 93.0 73.0 66.0 91.0 94.0 87.0 0.0 98.0 74.0 84.0 93.0 90.0 80.0 85.0 88.0 76.0 92.0 91.0 91.0 96.0 77.0 81.0 0.0 88.0 89.0 94.0 94.0 89.0 86.0 97.0 86.0 82.0 76.0 74.0 94.0 77.0 78.0 92.0 0.0 84.0 103.0 76.0 93.0 93.0 76.0 97.0 80.0 73.0 83.0 94.0 87.0 81.0 92.0 84.0
0.0 1239.0 0.0 0.0 0.0 0.0 0.0 0.0 0.0 0.0 0.0 0.0 0.0 0.0 0.0 0.0 80.0 0.0 94.0 73.0 90.0 76.0 76.0 75.0 75.0 76.0 91.0 82.0 98.0 99.0 74.0 80.0 90.0 0.0 98.0 81.0 86.0 80.0 93.0 59.0 84.0 76.0 95.0 91.0 73.0 75.0 77.0 81.0 84.0 0.0 83.0 92.0 80.0 91.0 75.0 87.0 79.0 73.0 84.0 70.0 87.0 75.0 100.0 79.0 69.0 0.0 85.0 85.0 75.0 92.0 80.0 87.0 66.0 86.0 77.0 85.0 84.0 90.0 83.0 95.0 87.0 0.0 86.0 89.0 91.0 75.0 81.0 75.0 73.0 87.0 120.0 73.0 77.0 76.0 74.0 75.0 78.0 0.0 66.0 78.0 107.0 74.0 96.0 79.0 98.0 85.0 81.0 88.0 65.0 78.0 83.0 83.0 72.0 0.0 80.0 70.0 104.0 87.0 83.0 100.0 91.0 74.0 64.0 79.0 79.0 84.0 95.0 77.0 78.0 0.0 87.0 90.0 73.0 67.0 95.0 86.0 82.0 82.0 83.0 91.0 78.0 87.0 80.0 80.0 84.0 0.0 80.0 76.0 61.0 79.0 83.0 86.0 104.0 99.0 88.0 74.0 75.0 81.0 81.0 88.0 81.0 0.0 69.0 93.0 77.0 81.0 85.0 93.0 80.0 81.0 68.0 76.0 91.0 73.0 99.0 92.0 90.0 0.0 90.0 81.0 70.0 89.0 70.0 91.0 72.0 89.0 69.0 89.0 86.0 97.0 80.0 76.0 89.0 0.0 75.0 98.0 81.0 74.0 84.0 83.0 76.0 99.0 80.0 75.0 80.0 84.0 84.0 77.0 88.0 0.0 91.0 73.0 87.0 84.0 75.0 74.0 92.0 70.0 78.0 89.0 82.0 79.0 91.0 86.0 84.0 0.0 87.0 82.0 77.0 102.0 83.0 84.0 91.0 67.0 87.0 74.0 87.0 69.0 73.0 92.0 85.0 0.0 68.0 78.0 80.0 88.0 80.0 80.0 76.0 95.0 74.0 103.0 97.0 92.0 65.0 78.0
0.0 0.0 1218.0 0.0 0.0 0.0 0.0 0.0 0.0 0.0 0.0 0.0 0.0 0.0 0.0 0.0 90.0 92.0 0.0 77.0 75.0 91.0 80.0 93.0 75.0 76.0 66.0 81.0 79.0 80.0 85.0 78.0 64.0 84.0 0.0 98.0 69.0 80.0 80.0 71.0 81.0 81.0 81.0 91.0 78.0 85.0 91.0 84.0 78.0 83.0 0.0 69.0 89.0 81.0 90.0 89.0 84.0 73.0 80.0 71.0 80.0 87.0 90.0 74.0 91.0 71.0 0.0 64.0 90.0 74.0 86.0 99.0 89.0 91.0 85.0 62.0 76.0 82.0 76.0 82.0 82.0 78.0 0.0 88.0 78.0 87.0 99.0 82.0 86.0 75.0 63.0 75.0 70.0 78.0 89.0 88.0 79.0 76.0 0.0 93.0 91.0 75.0 93.0 77.0 89.0 67.0 85.0 67.0 79.0 83.0 80.0 84.0 74.0 79.0 0.0 84.0 91.0 92.0 72.0 82.0 83.0 80.0 89.0 92.0 95.0 86.0 63.0 56.0 77.0 96.0 0.0 80.0 89.0 58.0 77.0 81.0 76.0 81.0 110.0 95.0 81.0 86.0 66.0 65.0 90.0 87.0 0.0 78.0 78.0 74.0 68.0 68.0 78.0 89.0 82.0 84.0 75.0 95.0 77.0 95.0 92.0 64.0 0.0 83.0 79.0 81.0 88.0 85.0 94.0 92.0 82.0 85.0 83.0 59.0 70.0 81.0 66.0 93.0 0.0 73.0 78.0 65.0 59.0 73.0 91.0 97.0 83.0 96.0 78.0 88.0 94.0 84.0 92.0 78.0 0.0 86.0 68.0 94.0 83.0 82.0 63.0 69.0 77.0 95.0 95.0 77.0 78.0 81.0 78.0 82.0 0.0 80.0 104.0 82.0 88.0 77.0 73.0 87.0 74.0 69.0 69.0 79.0 79.0 97.0 85.0 67.0 0.0 87.0 74.0 80.0 75.0 82.0 82.0 78.0 83.0 83.0 87.0 69.0 100.0 86.0 80.0 88.0 0.0 78.0 65.0 104.0 80.0 77.0 74.0 82.0 78.0 72.0 93.0 84.0 80.0 83.0
0.0 0.0 0.0 1279.0 0.0 0.0 0.0 0.0 0.0 0.0 0.0 0.0 0.0 0.0 0.0 0.0 84.0 84.0 87.0 0.0 87.0 91.0 89.0 80.0 68.0 81.0 75.0 99.0 87.0 78.0 104.0 85.0 78.0 92.0 78.0 0.0 94.0 87.0 97.0 75.0 82.0 104.0 76.0 70.0 78.0 104.0 78.0 86.0 94.0 88.0 78.0 0.0 91.0 81.0 84.0 88.0 74.0 96.0 90.0 76.0 87.0 89.0 76.0 87.0 75.0 96.0 94.0 0.0 76.0 79.0 85.0 93.0 77.0 97.0 90.0 93.0 69.0 97.0 83.0 75.0 73.0 72.0 107.0 0.0 97.0 83.0 70.0 79.0 101.0 93.0 77.0 96.0 82.0 70.0 82.0 97.0 85.0 79.0 87.0 0.0 83.0 78.0 76.0 85.0 86.0 89.0 88.0 88.0 88.0 92.0 86.0 89.0 98.0 80.0 75.0 0.0 81.0 81.0 91.0 90.0 92.0 73.0 87.0 94.0 99.0 67.0 84.0 87.0 87.0 67.0 89.0 0.0 88.0 103.0 77.0 93.0 84.0 85.0 79.0 79.0 77.0 104.0 84.0 83.0 84.0 87.0 81.0 0.0 93.0 77.0 96.0 70.0 96.0 79.0 91.0 83.0 84.0 87.0 87.0 84.0 85.0 88.0 91.0 0.0 83.0 82.0 85.0 91.0 87.0 82.0 104.0 79.0 91.0 81.0 91.0 59.0 81.0 89.0 80.0 0.0 74.0 88.0 81.0 95.0 90.0 67.0 95.0 80.0 103.0 84.0 83.0 89.0 96.0 93.0 84.0 0.0 81.0 93.0 82.0 88.0 78.0 83.0 93.0 80.0 74.0 77.0 86.0 91.0 84.0 102.0 77.0 0.0 81.0 90.0 82.0 86.0 98.0 83.0 79.0 85.0 105.0 75.0 83.0 69.0 83.0 85.0 89.0 0.0 86.0 81.0 83.0 88.0 78.0 93.0 74.0 88.0 86.0 93.0 82.0 90.0 92.0 77.0 82.0 0.0 84.0 85.0 101.0 78.0 88.0 74.0 81.0 89.0 69.0 81.0 90.0 108.0
0.0 0.0 0.0 0.0 1211.0 0.0 0.0 0.0 0.0 0.0 0.0 0.0 0.0 0.0 0.0 0.0 69.0 89.0 81.0 69.0 0.0 82.0 89.0 85.0 87.0 84.0 87.0 79.0 71.0 80.0 85.0 74.0 91.0 83.0 85.0 70.0 0.0 89.0 79.0 75.0 67.0 79.0 87.0 83.0 79.0 80.0 93.0 71.0 75.0 84.0 87.0 85.0 0.0 78.0 80.0 84.0 93.0 89.0 83.0 69.0 62.0 80.0 80.0 82.0 88.0 79.0 73.0 93.0 0.0 93.0 72.0 80.0 78.0 76.0 88.0 85.0 74.0 77.0 65.0 90.0 60.0 81.0 75.0 77.0 0.0 76.0 70.0 94.0 62.0 81.0 86.0 84.0 89.0 109.0 85.0 82.0 95.0 72.0 89.0 79.0 0.0 69.0 86.0 85.0 72.0 74.0 65.0 68.0 102.0 80.0 83.0 92.0 95.0 75.0 73.0 95.0 0.0 64.0 75.0 90.0 82.0 75.0 82.0 77.0 84.0 89.0 74.0 81.0 64.0 71.0 65.0 76.0 0.0 91.0 88.0 90.0 95.0 85.0 77.0 83.0 79.0 89.0 78.0 80.0 84.0 74.0 80.0 69.0 0.0 73.0 89.0 77.0 76.0 85.0 94.0 92.0 81.0 64.0 86.0 87.0 81.0 89.0 86.0 77.0 0.0 97.0 72.0 77.0 73.0 82.0 85.0 80.0 83.0 67.0 77.0 85.0 76.0 91.0 91.0 92.0 0.0 94.0 89.0 68.0 84.0 69.0 74.0 81.0 92.0 71.0 78.0 61.0 84.0 83.0 74.0 78.0 0.0 75.0 81.0 74.0 89.0 96.0 86.0 86.0 77.0 75.0 81.0 72.0 73.0 79.0 93.0 87.0 0.0 78.0 77.0 79.0 78.0 70.0 82.0 81.0 78.0 86.0 89.0 81.0 97.0 75.0 83.0 86.0 0.0 83.0 68.0 79.0 90.0 81.0 70.0 84.0 76.0 81.0 72.0 86.0 79.0 86.0 76.0 78.0 0.0 69.0 96.0 74.0 85.0 85.0 65.0 79.0 84.0 83.0 85.0 87.0
0.0 0.0 0.0 0.0 0.0 1210.0 0.0 0.0 0.0 0.0 0.0 0.0 0.0 0.0 0.0 0.0 87.0 92.0 87.0 81.0 81.0 0.0 86.0 76.0 69.0 93.0 90.0 76.0 87.0 64.0 68.0 73.0 82.0 79.0 84.0 87.0 76.0 0.0 87.0 77.0 80.0 73.0 66.0 85.0 99.0 67.0 86.0 82.0 73.0 60.0 96.0 70.0 71.0 0.0 75.0 94.0 96.0 96.0 86.0 91.0 76.0 77.0 67.0 82.0 60.0 73.0 73.0 84.0 92.0 0.0 100.0 80.0 97.0 74.0 78.0 82.0 79.0 78.0 76.0 84.0 74.0 80.0 87.0 87.0 69.0 0.0 72.0 88.0 85.0 68.0 81.0 82.0 70.0 85.0 87.0 95.0 65.0 88.0 77.0 74.0 83.0 0.0 78.0 75.0 80.0 87.0 83.0 74.0 88.0 80.0 81.0 97.0 98.0 94.0 73.0 92.0 78.0 0.0 69.0 74.0 71.0 80.0 89.0 70.0 74.0 99.0 80.0 69.0 85.0 65.0 79.0 81.0 75.0 0.0 75.0 97.0 81.0 89.0 83.0 80.0 69.0 102.0 79.0 70.0 85.0 95.0 77.0 87.0 91.0 0.0 87.0 75.0 79.0 80.0 83.0 74.0 82.0 67.0 78.0 70.0 79.0 69.0 90.0 63.0 75.0 0.0 66.0 88.0 79.0 86.0 91.0 74.0 76.0 86.0 91.0 97.0 82.0 94.0 73.0 76.0 85.0 0.0 88.0 61.0 87.0 81.0 72.0 89.0 79.0 75.0 90.0 78.0 73.0 88.0 93.0 82.0 79.0 0.0 89.0 84.0 73.0 79.0 80.0 78.0 82.0 78.0 78.0 74.0 93.0 78.0 64.0 82.0 85.0 0.0 72.0 73.0 85.0 75.0 69.0 89.0 95.0 78.0 83.0 89.0 102.0 82.0 81.0 87.0 72.0 0.0 78.0 79.0 74.0 78.0 72.0 88.0 70.0 84.0 91.0 72.0 72.0 73.0 76.0 77.0 98.0 0.0 88.0 89.0 74.0 71.0 87.0 78.0 84.0 90.0 75.0 78.0
0.0 0.0 0.0 0.0 0.0 0.0 1220.0 0.0 0.0 0.0 0.0 0.0 0.0 0.0 0.0 0.0 78.0 95.0 72.0 84.0 74.0 83.0 0.0 71.0 92.0 96.0 66.0 86.0 78.0 66.0 86.0 93.0 79.0 72.0 77.0 76.0 82.0 80.0 0.0 94.0 85.0 78.0 72.0 93.0 79.0 86.0 76.0 91.0 85.0 88.0 78.0 80.0 80.0 80.0 0.0 67.0 86.0 69.0 88.0 87.0 88.0 77.0 95.0 72.0 95.0 75.0 81.0 95.0 88.0 79.0 0.0 76.0 71.0 107.0 69.0 80.0 72.0 82.0 74.0 76.0 65.0 92.0 86.0 96.0 76.0 84.0 0.0 82.0 78.0 81.0 79.0 76.0 87.0 89.0 79.0 70.0 84.0 89.0 86.0 100.0 70.0 74.0 0.0 101.0 79.0 69.0 80.0 68.0 76.0 80.0 76.0 88.0 82.0 79.0 73.0 84.0 87.0 89.0 0.0 90.0 90.0 76.0 85.0 76.0 72.0 82.0 76.0 79.0 81.0 81.0 76.0 88.0 75.0 81.0 0.0 89.0 71.0 89.0 78.0 79.0 82.0 68.0 94.0 88.0 83.0 92.0 88.0 67.0 79.0 71.0 0.0 75.0 84.0 68.0 80.0 81.0 91.0 83.0 89.0 89.0 86.0 86.0 73.0 72.0 92.0 82.0 0.0 71.0 81.0 86.0 97.0 79.0 74.0 87.0 76.0 78.0 87.0 75.0 83.0 70.0 85.0 83.0 0.0 82.0 86.0 69.0 78.0 91.0 91.0 90.0 66.0 84.0 91.0 77.0 82.0 75.0 89.0 84.0 0.0 72.0 81.0 87.0 95.0 72.0 81.0 74.0 85.0 75.0 77.0 58.0 83.0 66.0 87.0 86.0 0.0 83.0 88.0 75.0 72.0 107.0 92.0 74.0 83.0 89.0 75.0 81.0 104.0 77.0 73.0 82.0 0.0 95.0 69.0 79.0 94.0 74.0 73.0 102.0 77.0 65.0 72.0 80.0 78.0 90.0 83.0 82.0 0.0 72.0 79.0 91.0 87.0 71.0 84.0 80.0 88.0 83.0
0.0 0.0 0.0 0.0 0.0 0.0 0.0 1245.0 0.0 0.0 0.0 0.0 0.0 0.0 0.0 0.0 72.0 80.0 84.0 84.0 76.0 92.0 85.0 0.0 85.0 83.0 83.0 91.0 91.0 76.0 81.0 82.0 74.0 87.0 65.0 94.0 79.0 83.0 77.0 0.0 75.0 101.0 93.0 78.0 75.0 86.0 88.0 90.0 98.0 90.0 90.0 88.0 71.0 87.0 93.0 0.0 83.0 89.0 82.0 79.0 69.0 74.0 71.0 81.0 95.0 83.0 95.0 70.0 89.0 85.0 105.0 0.0 68.0 76.0 80.0 85.0 82.0 83.0 71.0 78.0 98.0 70.0 75.0 79.0 89.0 84.0 90.0 0.0 76.0 71.0 88.0 79.0 93.0 93.0 85.0 75.0 82.0 81.0 73.0 89.0 101.0 90.0 84.0 0.0 65.0 78.0 71.0 93.0 84.0 80.0 95.0 79.0 68.0 95.0 78.0 81.0 77.0 78.0 69.0 0.0 87.0 101.0 77.0 76.0 92.0 92.0 89.0 85.0 85.0 69.0 79.0 82.0 80.0 83.0 95.0 0.0 95.0 72.0 94.0 87.0 77.0 74.0 77.0 96.0 83.0 85.0 66.0 78.0 85.0 86.0 84.0 0.0 78.0 85.0 67.0 85.0 94.0 94.0 98.0 77.0 73.0 77.0 89.0 100.0 75.0 78.0 77.0 0.0 88.0 71.0 94.0 90.0 85.0 97.0 75.0 76.0 78.0 71.0 97.0 78.0 101.0 82.0 67.0 0.0 94.0 87.0 85.0 85.0 83.0 76.0 84.0 77.0 75.0 96.0 104.0 75.0 74.0 78.0 86.0 0.0 82.0 97.0 87.0 90.0 68.0 71.0 80.0 82.0 80.0 90.0 79.0 75.0 80.0 81.0 73.0 0.0 89.0 71.0 92.0 78.0 89.0 87.0 93.0 88.0 94.0 87.0 84.0 88.0 79.0 87.0 81.0 0.0 89.0 81.0 69.0 78.0 89.0 78.0 73.0 88.0 90.0 84.0 87.0 84.0 89.0 71.0 79.0 0.0 91.0 82.0 83.0 71.0 74.0 84.0 85.0 91.0
0.0 0.0 0.0 0.0 0.0 0.0 0.0 0.0 1221.0 0.0 0.0 0.0 0.0 0.0 0.0 0.0 78.0 98.0 72.0 70.0 72.0 84.0 88.0 79.0 0.0 81.0 98.0 78.0 70.0 101.0 79.0 73.0 77.0 83.0 78.0 79.0 68.0 86.0 68.0 83.0 0.0 72.0 84.0 90.0 88.0 86.0 87.0 92.0 87.0 76.0 81.0 83.0 83.0 85.0 84.0 78.0 0.0 73.0 91.0 66.0 100.0 75.0 84.0 75.0 64.0 80.0 73.0 78.0 89.0 77.0 81.0 87.0 0.0 89.0 91.0 76.0 90.0 83.0 77.0 86.0 85.0 98.0 81.0 71.0 85.0 97.0 71.0 72.0 0.0 74.0 73.0 86.0 81.0 84.0 79.0 84.0 81.0 80.0 85.0 76.0 78.0 92.0 67.0 88.0 0.0 91.0 68.0 87.0 84.0 76.0 96.0 72.0 85.0 85.0 95.0 79.0 91.0 66.0 69.0 91.0 0.0 70.0 81.0 83.0 94.0 79.0 77.0 76.0 84.0 90.0 78.0 88.0 61.0 72.0 91.0 72.0 0.0 76.0 80.0 91.0 87.0 77.0 72.0 102.0 84.0 74.0 93.0 90.0 87.0 71.0 77.0 103.0 0.0 74.0 83.0 73.0 74.0 74.0 82.0 82.0 74.0 65.0 78.0 96.0 84.0 83.0 73.0 74.0 0.0 90.0 96.0 84.0 89.0 82.0 74.0 79.0 89.0 73.0 76.0 90.0 87.0 66.0 83.0 88.0 0.0 87.0 88.0 81.0 78.0 86.0 83.0 66.0 74.0 67.0 92.0 82.0 85.0 84.0 80.0 78.0 0.0 83.0 64.0 85.0 82.0 94.0 80.0 91.0 78.0 77.0 68.0 78.0 86.0 76.0 100.0 81.0 0.0 92.0 79.0 91.0 66.0 79.0 90.0 80.0 99.0 94.0 81.0 83.0 76.0 91.0 97.0 68.0 0.0 84.0 87.0 72.0 71.0 61.0 76.0 81.0 82.0 81.0 90.0 78.0 89.0 91.0 92.0 79.0 0.0 85.0 58.0 78.0 67.0 84.0 85.0 82.0
0.0 0.0 0.0 0.0 0.0 0.0 0.0 0.0 0.0 1227.0 0.0 0.0 0.0 0.0 0.0 0.0 84.0 82.0 89.0 82.0 78.0 83.0 70.0 90.0 81.0 0.0 74.0 82.0 82.0 84.0 87.0 79.0 90.0 85.0 97.0 73.0 83.0 100.0 76.0 72.0 83.0 0.0 80.0 81.0 79.0 78.0 71.0 79.0 84.0 74.0 81.0 88.0 93.0 96.0 87.0 85.0 72.0 0.0 79.0 72.0 80.0 63.0 87.0 86.0 84.0 79.0 79.0 68.0 74.0 81.0 86.0 84.0 76.0 0.0 72.0 95.0 77.0 97.0 84.0 91.0 85.0 70.0 82.0 77.0 82.0 76.0 78.0 74.0 95.0 0.0 95.0 84.0 65.0 83.0 98.0 83.0 83.0 80.0 70.0 90.0 85.0 76.0 87.0 71.0 82.0 0.0 84.0 92.0 93.0 67.0 69.0 98.0 83.0 84.0 78.0 78.0 67.0 88.0 75.0 89.0 100.0 0.0 72.0 83.0 71.0 91.0 81.0 87.0 84.0 86.0 82.0 87.0 87.0 80.0 72.0 88.0 80.0 0.0 81.0 79.0 91.0 75.0 86.0 69.0 84.0 84.0 90.0 92.0 94.0 72.0 93.0 74.0 72.0 0.0 81.0 93.0 85.0 60.0 64.0 89.0 87.0 91.0 84.0 81.0 76.0 89.0 87.0 82.0 78.0 0.0 79.0 77.0 88.0 68.0 86.0 74.0 74.0 93.0 71.0 80.0 74.0 83.0 89.0 91.0 81.0 0.0 77.0 82.0 80.0 98.0 74.0 80.0 77.0 89.0 73.0 74.0 88.0 79.0 90.0 82.0 84.0 0.0 84.0 59.0 70.0 98.0 88.0 92.0 71.0 82.0 89.0 95.0 83.0 74.0 73.0 84.0 82.0 0.0 86.0 88.0 84.0 79.0 86.0 71.0 75.0 83.0 89.0 87.0 73.0 68.0 88.0 75.0 73.0 0.0 85.0 89.0 87.0 86.0 93.0 76.0 82.0 65.0 73.0 75.0 90.0 82.0 76.0 86.0 88.0 0.0 98.0 71.0 95.0 100.0 73.0 73.0
0.0 0.0 0.0 0.0 0.0 0.0 0.0 0.0 0.0 0.0 1264.0 0.0 0.0 0.0 0.0 0.0 81.0 75.0 75.0 83.0 96.0 91.0 87.0 90.0 90.0 79.0 0.0 85.0 78.0 103.0 72.0 79.0 92.0 89.0 80.0 86.0 73.0 92.0 74.0 98.0 91.0 90.0 0.0 86.0 82.0 80.0 76.0 75.0 85.0 88.0 98.0 87.0 67.0 84.0 72.0 93.0 82.0 77.0 0.0 89.0 71.0 87.0 94.0 90.0 81.0 89.0 75.0 90.0 78.0 89.0 79.0 76.0 73.0 83.0 0.0 94.0 109.0 73.0 93.0 82.0 79.0 96.0 87.0 86.0 105.0 85.0 91.0 70.0 83.0 71.0 0.0 75.0 87.0 81.0 85.0 83.0 86.0 90.0 97.0 82.0 79.0 85.0 73.0 84.0 97.0 73.0 0.0 75.0 92.0 93.0 83.0 75.0 73.0 72.0 81.0 88.0 97.0 85.0 81.0 85.0 93.0 84.0 0.0 93.0 83.0 69.0 92.0 88.0 74.0 103.0 82.0 72.0 90.0 79.0 87.0 78.0 90.0 86.0 0.0 89.0 77.0 87.0 96.0 74.0 87.0 83.0 81.0 86.0 78.0 78.0 87.0 81.0 88.0 96.0 0.0 63.0 81.0 87.0 80.0 108.0 84.0 82.0 85.0 84.0 60.0 108.0 79.0 94.0 84.0 99.0 0.0 83.0 92.0 69.0 86.0 75.0 83.0 63.0 99.0 78.0 91.0 78.0 104.0 87.0 83.0 85.0 0.0 96.0 68.0 94.0 78.0 77.0 84.0 77.0 64.0 72.0 92.0 80.0 106.0 83.0 76.0 74.0 0.0 100.0 99.0 89.0 76.0 92.0 79.0 79.0 96.0 89.0 84.0 67.0 70.0 93.0 76.0 99.0 0.0 82.0 80.0 77.0 88.0 105.0 95.0 88.0 77.0 88.0 93.0 86.0 89.0 72.0 80.0 86.0 0.0 81.0 83.0 88.0 81.0 77.0 101.0 90.0 87.0 93.0 81.0 77.0 85.0 80.0 78.0 82.0 0.0 73.0 82.0 87.0 84.0 84.0
0.0 0.0 0.0 0.0 0.0 0.0 0.0 0.0 0.0 0.0 0.0 1233.0 0.0 0.0 0.0 0.0 90.0 83.0 79.0 70.0 74.0 73.0 77.0 80.0 87.0 101.0 84.0 0.0 81.0 73.0 89.0 92.0 66.0 86.0 79.0 89.0 80.0 83.0 89.0 76.0 81.0 89.0 85.0 0.0 87.0 78.0 85.0 80.0 81.0 80.0 92.0 75.0 71.0 78.0 81.0 100.0 76.0 84.0 69.0 0.0 90.0 86.0 91.0 79.0 76.0 72.0 88.0 104.0 74.0 88.0 77.0 79.0 83.0 84.0 88.0 0.0 75.0 88.0 77.0 80.0 82.0 79.0 69.0 93.0 87.0 83.0 84.0 80.0 75.0 59.0 104.0 0.0 89.0 79.0 92.0 78.0 87.0 73.0 73.0 95.0 91.0 78.0 80.0 77.0 77.0 78.0 75.0 0.0 86.0 76.0 91.0 96.0 78.0 82.0 83.0 73.0 88.0 67.0 90.0 85.0 70.0 74.0 101.0 0.0 75.0 94.0 88.0 85.0 89.0 74.0 82.0 77.0 82.0 96.0 81.0 93.0 80.0 96.0 89.0 0.0 63.0 75.0 75.0 81.0 74.0 85.0 87.0 87.0 85.0 88.0 79.0 77.0 94.0 87.0 66.0 0.0 86.0 91.0 64.0 83.0 83.0 93.0 85.0 72.0 89.0 90.0 74.0 74.0 96.0 90.0 77.0 0.0 70.0 87.0 66.0 87.0 86.0 70.0 91.0 85.0 95.0 85.0 90.0 87.0 86.0 71.0 70.0 0.0 74.0 76.0 81.0 86.0 91.0 99.0 89.0 75.0 81.0 77.0 95.0 79.0 64.0 72.0 67.0 0.0 89.0 85.0 92.0 78.0 89.0 86.0 78.0 87.0 75.0 84.0 82.0 75.0 81.0 86.0 84.0 0.0 93.0 80.0 69.0 84.0 82.0 82.0 71.0 83.0 86.0 80.0 70.0 109.0 92.0 68.0 79.0 0.0 93.0 87.0 86.0 65.0 79.0 89.0 87.0 68.0 75.0 83.0 84.0 62.0 91.0 94.0 95.0 0.0 82.0 78.0 87.0 79.0
0.0 0.0 0.0 0.0 0.0 0.0 0.0 0.0 0.0 0.0 0.0 0.0 1263.0 0.0 0.0 0.0 89.0 96.0 80.0 98.0 72.0 81.0 84.0 82.0 81.0 91.0 82.0 88.0 0.0 80.0 84.0 75.0 92.0 72.0 94.0 105.0 91.0 80.0 90.0 89.0 70.0 78.0 79.0 84.0 0.0 71.0 92.0 76.0 96.0 66.0 79.0 80.0 103.0 86.0 86.0 78.0 86.0 90.0 82.0 73.0 0.0 89.0 78.0 91.0 84.0 89.0 78.0 79.0 90.0 85.0 85.0 76.0 84.0 76.0 98.0 71.0 0.0 90.0 80.0 98.0 73.0 87.0 88.0 94.0 73.0 88.0 86.0 84.0 100.0 83.0 96.0 79.0 0.0 72.0 79.0 81.0 91.0 91.0 96.0 71.0 81.0 79.0 98.0 69.0 88.0 101.0 95.0 83.0 0.0 65.0 82.0 73.0 75.0 89.0 81.0 79.0 91.0 94.0 79.0 92.0 96.0 70.0 90.0 78.0 0.0 80.0 84.0 85.0 74.0 88.0 85.0 94.0 92.0 82.0 71.0 90.0 75.0 85.0 78.0 91.0 0.0 74.0 91.0 93.0 77.0 84.0 76.0 92.0 81.0 77.0 85.0 75.0 96.0 88.0 91.0 83.0 0.0 102.0 82.0 74.0 84.0 86.0 96.0 75.0 90.0 78.0 87.0 88.0 94.0 74.0 84.0 71.0 0.0 94.0 75.0 87.0 91.0 81.0 86.0 71.0 85.0 91.0 85.0 95.0 79.0 92.0 66.0 91.0 0.0 85.0 86.0 79.0 92.0 86.0 77.0 85.0 75.0 97.0 72.0 90.0 74.0 82.0 78.0 92.0 0.0 88.0 97.0 78.0 90.0 71.0 80.0 76.0 78.0 85.0 80.0 96.0 80.0 90.0 87.0 100.0 0.0 94.0 69.0 87.0 68.0 92.0 72.0 74.0 78.0 87.0 87.0 75.0 90.0 73.0 87.0 98.0 0.0 100.0 93.0 89.0 87.0 85.0 95.0 90.0 83.0 73.0 88.0 84.0 70.0 90.0 70.0 81.0 0.0 79.0 91.0 97.0
0.0 0.0 0.0 0.0 0.0 0.0 0.0 0.0 0.0 0.0 0.0 0.0 0.0 1254.0 0.0 0.0 88.0 80.0 91.0 84.0 85.0 71.0 84.0 86.0 76.0 93.0 83.0 66.0 87.0 0.0 90.0 90.0 78.0 96.0 85.0 86.0 71.0 84.0 96.0 79.0 80.0 79.0 73.0 97.0 84.0 0.0 78.0 88.0 84.0 77.0 81.0 91.0 79.0 95.0 84.0 68.0 92.0 71.0 75.0 88.0 90.0 0.0 92.0 87.0 73.0 75.0 71.0 90.0 78.0 68.0 91.0 105.0 102.0 83.0 82.0 93.0 66.0 0.0 108.0 69.0 93.0 81.0 90.0 81.0 82.0 73.0 70.0 91.0 75.0 85.0 78.0 103.0 83.0 0.0 86.0 83.0 77.0 78.0 97.0 82.0 94.0 78.0 98.0 65.0 79.0 94.0 86.0 75.0 93.0 0.0 88.0 70.0 80.0 85.0 75.0 85.0 86.0 77.0 88.0 93.0 90.0 83.0 92.0 79.0 69.0 0.0 83.0 89.0 78.0 78.0 80.0 82.0 90.0 87.0 93.0 79.0 82.0 84.0 93.0 73.0 83.0 0.0 97.0 75.0 71.0 106.0 89.0 72.0 92.0 84.0 83.0 70.0 71.0 79.0 88.0 89.0 88.0 0.0 80.0 92.0 79.0 83.0 77.0 90.0 85.0 95.0 68.0 94.0 87.0 79.0 79.0 73.0 85.0 0.0 82.0 98.0 89.0 73.0 80.0 81.0 85.0 93.0 75.0 80.0 75.0 99.0 88.0 89.0 80.0 0.0 73.0 94.0 90.0 73.0 94.0 81.0 75.0 84.0 77.0 83.0 90.0 72.0 99.0 92.0 105.0 0.0 74.0 65.0 90.0 97.0 88.0 77.0 84.0 84.0 88.0 103.0 81.0 70.0 75.0 82.0 77.0 0.0 69.0 89.0 99.0 90.0 85.0 78.0 88.0 85.0 75.0 77.0 87.0 83.0 78.0 80.0 82.0 0.0 78.0 89.0 85.0 82.0 71.0 94.0 80.0 96.0 84.0 81.0 87.0 100.0 85.0 75.0 82.0 0.0 76.0 76.0
0.0 0.0 0.0 0.0 0.0 0.0 0.0 0.0 0.0 0.0 0.0 0.0 0.0 0.0 1331.0 0.0 84.0 102.0 103.0 99.0 79.0 77.0 83.0 83.0 88.0 93.0 91.0 79.0 84.0 88.0 0.0 98.0 85.0 85.0 76.0 88.0 98.0 88.0 89.0 87.0 84.0 89.0 101.0 88.0 103.0 94.0 0.0 76.0 83.0 107.0 84.0 80.0 107.0 94.0 80.0 90.0 88.0 84.0 90.0 93.0 80.0 85.0 0.0 86.0 97.0 91.0 90.0 99.0 81.0 91.0 107.0 92.0 86.0 83.0 71.0 82.0 96.0 88.0 0.0 77.0 102.0 96.0 88.0 85.0 85.0 102.0 92.0 79.0 89.0 79.0 80.0 96.0 86.0 86.0 0.0 86.0 75.0 108.0 104.0 69.0 85.0 91.0 88.0 86.0 86.0 111.0 81.0 82.0 82.0 87.0 0.0 96.0 94.0 72.0 91.0 108.0 75.0 74.0 103.0 92.0 97.0 91.0 82.0 93.0 82.0 84.0 0.0 93.0 99.0 79.0 93.0 82.0 89.0 81.0 77.0 97.0 100.0 95.0 90.0 81.0 87.0 84.0 0.0 97.0 75.0 87.0 97.0 89.0 103.0 83.0 91.0 111.0 84.0 84.0 86.0 95.0 84.0 84.0 0.0 78.0 95.0 83.0 75.0 100.0 86.0 90.0 105.0 78.0 77.0 83.0 99.0 98.0 89.0 91.0 0.0 82.0 82.0 83.0 89.0 77.0 87.0 99.0 87.0 88.0 88.0 89.0 96.0 90.0 91.0 88.0 0.0 97.0 68.0 87.0 83.0 89.0 86.0 75.0 85.0 85.0 94.0 94.0 90.0 91.0 103.0 109.0 0.0 92.0 99.0 92.0 89.0 74.0 93.0 104.0 82.0 77.0 97.0 87.0 89.0 84.0 77.0 101.0 0.0 86.0 110.0 74.0 86.0 100.0 84.0 96.0 90.0 90.0 82.0 88.0 89.0 80.0 106.0 62.0 0.0 94.0 83.0 85.0 83.0 92.0 93.0 86.0 72.0 96.0 91.0 81.0 96.0 99.0 81.0 100.0 0.0 93.0
0.0 0.0 0.0 0.0 0.0 0.0 0.0 0.0 0.0 0.0 0.0 0.0 0.0 0.0 0.0 1289.0 85.0 94.0 80.0 94.0 90.0 100.0 80.0 83.0 83.0 81.0 89.0 70.0 92.0 87.0 81.0 0.0 80.0 81.0 98.0 83.0 91.0 82.0 90.0 77.0 85.0 85.0 96.0 87.0 83.0 89.0 82.0 0.0 92.0 87.0 87.0 74.0 102.0 81.0 95.0 89.0 70.0 77.0 93.0 99.0 83.0 79.0 81.0 0.0 79.0 77.0 86.0 88.0 82.0 94.0 74.0 87.0 104.0 92.0 68.0 110.0 92.0 82.0 74.0 0.0 72.0 95.0 93.0 94.0 76.0 83.0 84.0 77.0 71.0 91.0 94.0 82.0 89.0 87.0 101.0 0.0 72.0 73.0 85.0 88.0 80.0 99.0 90.0 95.0 86.0 91.0 83.0 94.0 96.0 86.0 71.0 0.0 90.0 82.0 76.0 94.0 88.0 85.0 93.0 71.0 97.0 87.0 75.0 100.0 77.0 70.0 104.0 0.0 82.0 90.0 71.0 82.0 83.0 89.0 85.0 106.0 59.0 82.0 84.0 85.0 93.0 106.0 92.0 0.0 82.0 85.0 89.0 78.0 90.0 85.0 86.0 76.0 87.0 83.0 100.0 85.0 99.0 82.0 82.0 0.0 101.0 103.0 90.0 86.0 86.0 80.0 79.0 77.0 101.0 85.0 77.0 80.0 79.0 89.0 76.0 0.0 79.0 93.0 98.0 91.0 96.0 74.0 67.0 87.0 87.0 72.0 88.0 90.0 84.0 94.0 89.0 0.0 87.0 72.0 83.0 91.0 87.0 74.0 98.0 83.0 100.0 92.0 95.0 72.0 85.0 84.0 86.0 0.0 85.0 86.0 84.0 84.0 83.0 97.0 81.0 85.0 88.0 96.0 84.0 77.0 96.0 74.0 89.0 0.0 83.0 85.0 71.0 86.0 82.0 93.0 100.0 97.0 90.0 91.0 70.0 70.0 75.0 101.0 95.0 0.0 120.0 86.0 98.0 76.0 73.0 73.0 87.0 99.0 81.0 84.0 93.0 88.0 66.0 79.0 86.0 0.0
0.0 80.0 90.0 84.0 69.0 87.0 78.0 72.0 78.0 84.0 81.0 90.0 89.0 88.0 84.0 85.0 1239.0 0.0 0.0 0.0 0.0 0.0 0.0 0.0 0.0 0.0 0.0 0.0 0.0 0.0 0.0 0.0 0.0 94.0 98.0 83.0 85.0 86.0 66.0 80.0 87.0 80.0 69.0 90.0 75.0 91.0 87.0 68.0 0.0 73.0 81.0 92.0 85.0 89.0 78.0 70.0 90.0 76.0 93.0 81.0 98.0 73.0 82.0 78.0 0.0 90.0 86.0 80.0 75.0 91.0 107.0 104.0 73.0 61.0 77.0 70.0 81.0 87.0 77.0 80.0 0.0 76.0 80.0 91.0 92.0 75.0 74.0 87.0 67.0 79.0 81.0 89.0 74.0 84.0 102.0 88.0 0.0 76.0 93.0 75.0 80.0 81.0 96.0 83.0 95.0 83.0 85.0 70.0 84.0 75.0 83.0 80.0 0.0 75.0 59.0 87.0 87.0 75.0 79.0 100.0 86.0 86.0 93.0 91.0 83.0 74.0 84.0 80.0 0.0 75.0 84.0 79.0 66.0 73.0 98.0 91.0 82.0 104.0 80.0 72.0 76.0 92.0 91.0 76.0 0.0 76.0 76.0 73.0 86.0 87.0 85.0 74.0 82.0 99.0 81.0 89.0 99.0 70.0 67.0 95.0 0.0 91.0 95.0 84.0 77.0 120.0 81.0 64.0 83.0 88.0 68.0 69.0 80.0 78.0 87.0 74.0 0.0 82.0 91.0 70.0 85.0 73.0 88.0 79.0 91.0 74.0 76.0 89.0 75.0 89.0 74.0 103.0 0.0 98.0 73.0 87.0 84.0 77.0 65.0 79.0 78.0 75.0 91.0 86.0 80.0 82.0 87.0 97.0 0.0 99.0 75.0 75.0 90.0 76.0 78.0 84.0 87.0 81.0 73.0 97.0 84.0 79.0 69.0 92.0 0.0 74.0 77.0 100.0 83.0 74.0 83.0 95.0 80.0 81.0 99.0 80.0 84.0 91.0 73.0 65.0 0.0 80.0 81.0 79.0 95.0 75.0 83.0 77.0 80.0 88.0 92.0 76.0 77.0 86.0 92.0 78.0
68.0 0.0 92.0 84.0 89.0 92.0 95.0 80.0 98.0 82.0 75.0 83.0 96.0 80.0 102.0 94.0 0.0 1310.0 0.0 0.0 0.0 0.0 0.0 0.0 0.0 0.0 0.0 0.0 0.0 0.0 0.0 0.0 92.0 0.0 84.0 77.0 91.0 80.0 82.0 85.0 94.0 75.0 82.0 98.0 104.0 88.0 78.0 100.0 84.0 0.0 77.0 100.0 98.0 95.0 87.0 90.0 92.0 91.0 70.0 81.0 86.0 87.0 98.0 74.0 89.0 0.0 91.0 98.0 76.0 79.0 88.0 91.0 99.0 95.0 86.0 84.0 87.0 91.0 72.0 84.0 92.0 0.0 80.0 95.0 79.0 102.0 97.0 91.0 78.0 79.0 93.0 73.0 82.0 84.0 83.0 102.0 95.0 0.0 82.0 87.0 88.0 97.0 84.0 80.0 69.0 91.0 83.0 87.0 82.0 95.0 93.0 97.0 80.0 0.0 85.0 90.0 91.0 91.0 80.0 90.0 100.0 96.0 88.0 95.0 76.0 87.0 82.0 79.0 98.0 0.0 94.0 92.0 99.0 78.0 69.0 100.0 68.0 82.0 85.0 81.0 94.0 83.0 84.0 103.0 82.0 0.0 75.0 91.0 95.0 79.0 91.0 96.0 82.0 82.0 103.0 79.0 83.0 101.0 98.0 73.0 75.0 0.0 82.0 70.0 86.0 93.0 83.0 88.0 85.0 103.0 104.0 85.0 89.0 87.0 89.0 91.0 83.0 0.0 98.0 81.0 84.0 73.0 87.0 95.0 81.0 79.0 85.0 106.0 89.0 91.0 96.0 82.0 96.0 0.0 104.0 86.0 87.0 82.0 82.0 76.0 94.0 83.0 89.0 89.0 86.0 89.0 95.0 72.0 80.0 0.0 88.0 87.0 91.0 84.0 95.0 87.0 83.0 101.0 87.0 91.0 89.0 72.0 83.0 92.0 102.0 0.0 78.0 98.0 72.0 83.0 93.0 82.0 84.0 98.0 89.0 96.0 95.0 83.0 76.0 81.0 94.0 0.0 100.0 74.0 84.0 102.0 97.0 79.0 103.0 73.0 91.0 82.0 72.0 92.0 81.0 86.0
83.0 94.0 0.0 87.0 81.0 87.0 72.0 84.0 72.0 89.0 75.0 79.0 80.0 91.0 103.0 80.0 0.0 0.0 1257.0 0.0 0.0 0.0 0.0 0.0 0.0 0.0 0.0 0.0 0.0 0.0 0.0 0.0 84.0 102.0 0.0 80.0 73.0 98.0 90.0 72.0 67.0 91.0 79.0 88.0 73.0 90.0 76.0 94.0 92.0 71.0 0.0 88.0 91.0 76.0 93.0 81.0 81.0 76.0 82.0 79.0 83.0 81.0 88.0 95.0 83.0 83.0 0.0 79.0 82.0 94.0 92.0 95.0 83.0 91.0 73.0 74.0 76.0 88.0 91.0 73.0 79.0 86.0 0.0 90.0 91.0 90.0 77.0 80.0 90.0 80.0 84.0 85.0 71.0 81.0 85.0 88.0 72.0 64.0 0.0 81.0 86.0 81.0 102.0 76.0 77.0 95.0 81.0 90.0 103.0 94.0 77.0 78.0 87.0 94.0 0.0 100.0 84.0 81.0 79.0 72.0 92.0 68.0 91.0 87.0 71.0 81.0 103.0 67.0 83.0 75.0 0.0 82.0 83.0 78.0 75.0 81.0 82.0 80.0 95.0 84.0 89.0 85.0 92.0 93.0 85.0 68.0 0.0 87.0 87.0 78.0 92.0 76.0 107.0 93.0 88.0 74.0 90.0 64.0 73.0 95.0 89.0 87.0 0.0 79.0 86.0 71.0 75.0 96.0 85.0 78.0 95.0 79.0 94.0 87.0 75.0 81.0 86.0 94.0 0.0 75.0 89.0 82.0 75.0 95.0 88.0 81.0 81.0 90.0 86.0 78.0 76.0 81.0 72.0 92.0 0.0 93.0 66.0 83.0 89.0 89.0 86.0 87.0 74.0 88.0 94.0 76.0 78.0 90.0 96.0 81.0 0.0 85.0 88.0 84.0 76.0 81.0 67.0 81.0 90.0 96.0 91.0 81.0 82.0 78.0 85.0 83.0 0.0 74.0 71.0 87.0 91.0 96.0 87.0 78.0 89.0 77.0 77.0 98.0 71.0 93.0 81.0 83.0 0.0 77.0 99.0 87.0 79.0 83.0 93.0 89.0 80.0 87.0 79.0 82.0 87.0 71.0
101.0 73.0 77.0 0.0 69.0 81.0 84.0 84.0 70.0 82.0 83.0 70.0 98.0 84.0 99.0 94.0 0.0 0.0 0.0 1249.0 0.0 0.0 0.0 0.0 0.0 0.0 0.0 0.0 0.0 0.0 0.0 0.0 83.0 71.0 85.0 0.0 68.0 87.0 80.0 82.0 86.0 96.0 100.0 91.0 94.0 73.0 75.0 78.0 88.0 66.0 94.0 0.0 95.0 103.0 85.0 87.0 75.0 77.0 96.0 85.0 79.0 67.0 79.0 73.0 84.0 65.0 81.0 0.0 87.0 82.0 79.0 92.0 92.0 100.0 76.0 98.0 73.0 80.0 73.0 87.0 60.0 82.0 97.0 0.0 78.0 80.0 90.0 89.0 86.0 79.0 91.0 60.0 67.0 94.0 95.0 101.0 88.0 91.0 90.0 0.0 96.0 78.0 80.0 75.0 80.0 76.0 81.0 76.0 89.0 83.0 76.0 90.0 90.0 84.0 66.0 0.0 74.0 74.0 82.0 94.0 97.0 68.0 80.0 83.0 96.0 84.0 90.0 87.0 76.0 103.0 81.0 0.0 73.0 68.0 79.0 90.0 70.0 75.0 86.0 105.0 88.0 96.0 75.0 84.0 74.0 109.0 89.0 0.0 70.0 92.0 79.0 76.0 78.0 91.0 72.0 87.0 77.0 81.0 83.0 91.0 88.0 82.0 88.0 0.0 90.0 84.0 78.0 79.0 87.0 89.0 87.0 69.0 81.0 86.0 83.0 78.0 80.0 82.0 81.0 0.0 71.0 79.0 95.0 63.0 83.0 92.0 89.0 97.0 82.0 81.0 85.0 89.0 66.0 99.0 71.0 0.0 97.0 80.0 100.0 96.0 97.0 80.0 77.0 78.0 80.0 83.0 76.0 69.0 77.0 76.0 76.0 0.0 99.0 91.0 60.0 87.0 86.0 73.0 88.0 91.0 85.0 95.0 88.0 77.0 107.0 93.0 86.0 0.0 93.0 87.0 93.0 84.0 85.0 80.0 66.0 70.0 76.0 74.0 80.0 75.0 87.0 73.0 87.0 0.0 89.0 83.0 85.0 71.0 77.0 91.0 77.0 89.0 84.0 88.0 92.0 76.0
84.0 90.0 75.0 87.0 0.0 81.0 74.0 76.0 72.0 78.0 96.0 74.0 72.0 85.0 79.0 90.0 0.0 0.0 0.0 0.0 1213.0 0.0 0.0 0.0 0.0 0.0 0.0 0.0 0.0 0.0 0.0 0.0 71.0 83.0 86.0 67.0 0.0 79.0 90.0 77.0 84.0 78.0 78.0 83.0 93.0 70.0 92.0 82.0 96.0 65.0 81.0 77.0 0.0 70.0 68.0 75.0 67.0 88.0 86.0 86.0 79.0 88.0 92.0 95.0 79.0 102.0 79.0 78.0 0.0 86.0 74.0 59.0 85.0 87.0 82.0 84.0 72.0 78.0 96.0 72.0 73.0 91.0 82.0 77.0 0.0 84.0 75.0 79.0 80.0 67.0 78.0 93.0 96.0 84.0 83.0 71.0 75.0 80.0 69.0 91.0 0.0 74.0 81.0 86.0 87.0 88.0 83.0 93.0 84.0 79.0 66.0 77.0 83.0 80.0 88.0 71.0 0.0 82.0 81.0 100.0 87.0 79.0 75.0 75.0 86.0 83.0 75.0 68.0 80.0 71.0 76.0 89.0 0.0 84.0 84.0 85.0 82.0 83.0 85.0 80.0 65.0 87.0 85.0 77.0 79.0 69.0 80.0 90.0 0.0 75.0 90.0 87.0 81.0 71.0 77.0 76.0 78.0 87.0 88.0 85.0 89.0 79.0 83.0 81.0 0.0 77.0 81.0 82.0 96.0 102.0 72.0 71.0 81.0 69.0 65.0 85.0 72.0 65.0 78.0 83.0 0.0 86.0 90.0 80.0 93.0 85.0 79.0 87.0 76.0 89.0 77.0 73.0 89.0 80.0 93.0 85.0 0.0 84.0 74.0 82.0 58.0 80.0 84.0 81.0 81.0 83.0 80.0 79.0 75.0 89.0 74.0 86.0 0.0 80.0 89.0 83.0 82.0 64.0 69.0 92.0 80.0 76.0 77.0 97.0 91.0 82.0 85.0 79.0 0.0 89.0 79.0 86.0 79.0 79.0 70.0 81.0 79.0 83.0 81.0 70.0 77.0 87.0 84.0 72.0 0.0 82.0 83.0 76.0 80.0 84.0 99.0 57.0 91.0 72.0 77.0 92.0
85.0 76.0 91.0 91.0 82.0 0.0 83.0 92.0 84.0 83.0 91.0 73.0 81.0 71.0 77.0 100.0 0.0 0.0 0.0 0.0 0.0 1260.0 0.0 0.0 0.0 0.0 0.0 0.0 0.0 0.0 0.0 0.0 78.0 86.0 98.0 73.0 86.0 0.0 83.0 71.0 69.0 104.0 87.0 90.0 69.0 94.0 89.0 83.0 72.0 82.0 87.0 77.0 87.0 0.0 90.0 103.0 89.0 75.0 82.0 78.0 82.0 88.0 75.0 93.0 81.0 91.0 78.0 82.0 91.0 0.0 80.0 85.0 76.0 98.0 73.0 90.0 81.0 88.0 88.0 78.0 80.0 100.0 91.0 91.0 90.0 0.0 90.0 75.0 95.0 67.0 73.0 83.0 85.0 82.0 79.0 79.0 92.0 72.0 79.0 88.0 76.0 0.0 68.0 79.0 80.0 102.0 78.0 85.0 93.0 97.0 101.0 70.0 70.0 88.0 80.0 96.0 85.0 0.0 76.0 93.0 89.0 78.0 90.0 85.0 82.0 78.0 81.0 89.0 98.0 85.0 74.0 81.0 91.0 0.0 97.0 76.0 78.0 76.0 95.0 85.0 83.0 76.0 87.0 78.0 70.0 93.0 73.0 81.0 66.0 0.0 104.0 80.0 72.0 89.0 88.0 86.0 93.0 97.0 74.0 94.0 96.0 70.0 79.0 113.0 80.0 0.0 73.0 76.0 95.0 102.0 83.0 77.0 75.0 79.0 86.0 76.0 79.0 82.0 87.0 71.0 92.0 0.0 88.0 99.0 86.0 85.0 80.0 79.0 93.0 89.0 85.0 65.0 87.0 77.0 87.0 81.0 89.0 0.0 96.0 82.0 78.0 81.0 90.0 92.0 88.0 78.0 74.0 80.0 81.0 88.0 93.0 83.0 84.0 0.0 73.0 75.0 92.0 69.0 95.0 86.0 79.0 84.0 93.0 85.0 96.0 83.0 81.0 84.0 90.0 0.0 84.0 79.0 89.0 76.0 76.0 85.0 97.0 75.0 79.0 86.0 95.0 87.0 82.0 68.0 71.0 0.0 75.0 95.0 88.0 75.0 79.0 86.0 79.0 84.0 92.0 104.0
84.0 76.0 80.0 89.0 89.0 86.0 0.0 85.0 88.0 70.0 87.0 77.0 84.0 84.0 83.0 80.0 0.0 0.0 0.0 0.0 0.0 0.0 1242.0 0.0 0.0 0.0 0.0 0.0 0.0 0.0 0.0 0.0 76.0 64.0 90.0 89.0 77.0 93.0 0.0 88.0 77.0 86.0 77.0 94.0 79.0 71.0 94.0 87.0 79.0 91.0 77.0 72.0 97.0 87.0 0.0 89.0 88.0 91.0 89.0 70.0 85.0 73.0 77.0 77.0 72.0 80.0 77.0 98.0 76.0 83.0 0.0 80.0 77.0 91.0 92.0 98.0 82.0 80.0 82.0 74.0 88.0 72.0 90.0 75.0 87.0 74.0 0.0 92.0 91.0 73.0 73.0 86.0 91.0 86.0 85.0 79.0 89.0 78.0 84.0 74.0 83.0 75.0 0.0 86.0 83.0 95.0 81.0 74.0 89.0 78.0 85.0 88.0 81.0 82.0 71.0 83.0 84.0 84.0 0.0 98.0 86.0 77.0 82.0 78.0 69.0 98.0 83.0 86.0 80.0 83.0 84.0 83.0 72.0 77.0 0.0 85.0 83.0 84.0 86.0 96.0 69.0 90.0 77.0 93.0 80.0 105.0 92.0 72.0 88.0 78.0 0.0 80.0 78.0 83.0 86.0 74.0 99.0 80.0 72.0 75.0 90.0 88.0 87.0 81.0 77.0 86.0 0.0 84.0 90.0 66.0 100.0 72.0 73.0 76.0 84.0 88.0 73.0 76.0 85.0 104.0 79.0 84.0 0.0 85.0 84.0 66.0 82.0 85.0 97.0 83.0 82.0 77.0 91.0 88.0 78.0 66.0 80.0 86.0 0.0 65.0 89.0 99.0 83.0 84.0 85.0 87.0 82.0 79.0 78.0 84.0 97.0 66.0 79.0 75.0 0.0 80.0 78.0 96.0 75.0 88.0 92.0 88.0 77.0 89.0 108.0 91.0 72.0 90.0 91.0 78.0 0.0 69.0 75.0 75.0 63.0 91.0 77.0 87.0 94.0 81.0 73.0 84.0 78.0 100.0 83.0 96.0 0.0 76.0 75.0 90.0 86.0 75.0 71.0 81.0 85.0 89.0
93.0 75.0 93.0 80.0 85.0 76.0 71.0 0.0 79.0 90.0 90.0 80.0 82.0 86.0 83.0 83.0 0.0 0.0 0.0 0.0 0.0 0.0 0.0 1246.0 0.0 0.0 0.0 0.0 0.0 0.0 0.0 0.0 79.0 94.0 76.0 102.0 84.0 80.0 67.0 0.0 75.0 87.0 93.0 84.0 82.0 78.0 83.0 82.0 80.0 84.0 92.0 70.0 102.0 100.0 75.0 0.0 83.0 64.0 88.0 85.0 70.0 78.0 89.0 86.0 75.0 80.0 79.0 84.0 86.0 86.0 96.0 0.0 80.0 87.0 80.0 94.0 86.0 87.0 67.0 79.0 94.0 88.0 72.0 86.0 85.0 80.0 74.0 0.0 76.0 68.0 92.0 107.0 82.0 91.0 74.0 77.0 79.0 82.0 85.0 73.0 84.0 82.0 93.0 0.0 88.0 79.0 78.0 78.0 94.0 77.0 86.0 88.0 95.0 72.0 75.0 88.0 79.0 100.0 85.0 0.0 81.0 93.0 81.0 74.0 67.0 80.0 88.0 88.0 85.0 68.0 73.0 77.0 82.0 74.0 83.0 0.0 97.0 95.0 85.0 73.0 83.0 95.0 89.0 87.0 84.0 95.0 79.0 91.0 84.0 69.0 97.0 0.0 88.0 76.0 91.0 79.0 87.0 68.0 69.0 89.0 72.0 84.0 87.0 81.0 77.0 108.0 86.0 0.0 88.0 77.0 82.0 89.0 82.0 81.0 72.0 80.0 82.0 82.0 92.0 101.0 77.0 82.0 73.0 0.0 87.0 87.0 81.0 87.0 76.0 92.0 80.0 67.0 89.0 88.0 85.0 69.0 66.0 77.0 88.0 0.0 95.0 76.0 87.0 80.0 96.0 80.0 87.0 83.0 85.0 84.0 93.0 82.0 94.0 80.0 76.0 0.0 82.0 86.0 67.0 79.0 81.0 80.0 90.0 87.0 72.0 93.0 74.0 74.0 76.0 68.0 92.0 0.0 86.0 91.0 75.0 76.0 98.0 83.0 104.0 84.0 82.0 77.0 91.0 88.0 85.0 84.0 90.0 0.0 61.0 90.0 76.0 81.0 80.0 90.0 85.0 86.0
77.0 75.0 75.0 68.0 87.0 69.0 92.0 85.0 0.0 81.0 90.0 87.0 81.0 76.0 88.0 83.0 0.0 0.0 0.0 0.0 0.0 0.0 0.0 0.0 1214.0 0.0 0.0 0.0 0.0 0.0 0.0 0.0 96.0 75.0 82.0 86.0 76.0 87.0 90.0 79.0 0.0 56.0 79.0 89.0 86.0 78.0 82.0 73.0 67.0 103.0 76.0 79.0 81.0 81.0 76.0 78.0 0.0 86.0 94.0 73.0 73.0 80.0 92.0 75.0 71.0 71.0 74.0 91.0 85.0 83.0 79.0 75.0 0.0 91.0 86.0 70.0 70.0 90.0 72.0 106.0 65.0 85.0 78.0 80.0 89.0 92.0 84.0 93.0 0.0 85.0 78.0 75.0 91.0 69.0 78.0 72.0 81.0 83.0 80.0 87.0 87.0 74.0 83.0 89.0 0.0 82.0 68.0 87.0 100.0 63.0 82.0 68.0 69.0 68.0 67.0 85.0 81.0 87.0 76.0 73.0 0.0 87.0 78.0 93.0 98.0 97.0 69.0 86.0 90.0 80.0 86.0 70.0 67.0 89.0 88.0 93.0 0.0 92.0 87.0 79.0 84.0 68.0 72.0 69.0 86.0 93.0 86.0 74.0 78.0 73.0 73.0 66.0 0.0 72.0 92.0 106.0 71.0 75.0 80.0 89.0 103.0 81.0 82.0 87.0 64.0 84.0 79.0 91.0 0.0 73.0 75.0 80.0 78.0 82.0 80.0 75.0 74.0 89.0 81.0 71.0 102.0 73.0 73.0 79.0 0.0 74.0 85.0 84.0 79.0 87.0 84.0 79.0 88.0 69.0 90.0 88.0 88.0 79.0 87.0 77.0 0.0 102.0 66.0 70.0 78.0 89.0 77.0 66.0 78.0 89.0 79.0 83.0 88.0 86.0 65.0 77.0 0.0 74.0 88.0 66.0 67.0 82.0 87.0 105.0 79.0 76.0 81.0 80.0 62.0 75.0 93.0 82.0 0.0 78.0 80.0 81.0 76.0 79.0 90.0 102.0 90.0 77.0 97.0 85.0 79.0 82.0 76.0 77.0 0.0 81.0 68.0 74.0 82.0 99.0 81.0 66.0
100.0 76.0 76.0 81.0 84.0 93.0 96.0 83.0 81.0 0.0 79.0 101.0 91.0 93.0 93.0 81.0 0.0 0.0 0.0 0.0 0.0 0.0 0.0 0.0 0.0 1308.0 0.0 0.0 0.0 0.0 0.0 0.0 87.0 68.0 95.0 90.0 78.0 98.0 96.0 84.0 97.0 0.0 99.0 79.0 85.0 93.0 75.0 84.0 87.0 109.0 94.0 82.0 80.0 88.0 93.0 78.0 74.0 0.0 79.0 94.0 74.0 95.0 95.0 86.0 74.0 69.0 86.0 109.0 105.0 70.0 91.0 85.0 85.0 0.0 89.0 81.0 90.0 91.0 88.0 95.0 95.0 93.0 80.0 99.0 80.0 94.0 82.0 78.0 87.0 0.0 96.0 83.0 97.0 72.0 102.0 70.0 92.0 105.0 93.0 76.0 107.0 93.0 88.0 85.0 84.0 0.0 86.0 66.0 78.0 83.0 87.0 85.0 85.0 95.0 83.0 86.0 91.0 69.0 81.0 89.0 83.0 0.0 96.0 83.0 79.0 89.0 94.0 105.0 74.0 93.0 87.0 76.0 80.0 108.0 92.0 97.0 95.0 0.0 96.0 97.0 71.0 73.0 92.0 77.0 84.0 98.0 87.0 99.0 93.0 73.0 83.0 84.0 99.0 0.0 69.0 93.0 95.0 72.0 96.0 83.0 83.0 91.0 83.0 92.0 92.0 76.0 67.0 91.0 98.0 0.0 95.0 89.0 90.0 84.0 71.0 106.0 85.0 79.0 104.0 75.0 88.0 91.0 85.0 85.0 90.0 0.0 82.0 96.0 106.0 90.0 75.0 77.0 84.0 77.0 98.0 82.0 77.0 86.0 90.0 87.0 68.0 0.0 96.0 96.0 86.0 106.0 79.0 96.0 106.0 79.0 64.0 83.0 87.0 97.0 88.0 83.0 101.0 0.0 80.0 87.0 89.0 89.0 84.0 91.0 87.0 95.0 94.0 91.0 89.0 85.0 85.0 93.0 67.0 0.0 78.0 86.0 92.0 92.0 89.0 85.0 85.0 81.0 84.0 87.0 77.0 87.0 91.0 106.0 99.0 0.0 88.0 77.0 85.0 86.0 88.0 87.0
87.0 91.0 66.0 75.0 87.0 90.0 66.0 83.0 98.0 74.0 0.0 84.0 82.0 83.0 91.0 89.0 0.0 0.0 0.0 0.0 0.0 0.0 0.0 0.0 0.0 0.0 1246.0 0.0 0.0 0.0 0.0 0.0 64.0 87.0 71.0 88.0 94.0 78.0 92.0 89.0 70.0 86.0 0.0 77.0 91.0 82.0 88.0 89.0 88.0 82.0 79.0 86.0 79.0 72.0 97.0 97.0 90.0 81.0 0.0 67.0 83.0 77.0 89.0 79.0 89.0 79.0 76.0 68.0 98.0 76.0 78.0 93.0 57.0 84.0 0.0 95.0 90.0 89.0 86.0 88.0 69.0 70.0 88.0 83.0 75.0 77.0 79.0 84.0 75.0 89.0 0.0 106.0 87.0 81.0 89.0 94.0 86.0 88.0 88.0 90.0 78.0 86.0 97.0 84.0 103.0 80.0 0.0 67.0 64.0 67.0 72.0 96.0 77.0 84.0 87.0 78.0 98.0 87.0 80.0 66.0 93.0 75.0 0.0 90.0 74.0 81.0 88.0 88.0 65.0 81.0 78.0 94.0 87.0 88.0 88.0 85.0 85.0 97.0 0.0 84.0 77.0 91.0 76.0 70.0 91.0 91.0 88.0 89.0 86.0 76.0 73.0 81.0 83.0 89.0 0.0 85.0 95.0 71.0 69.0 79.0 82.0 80.0 86.0 88.0 77.0 83.0 89.0 76.0 77.0 81.0 0.0 95.0 95.0 84.0 79.0 74.0 93.0 83.0 91.0 82.0 89.0 82.0 70.0 78.0 81.0 81.0 0.0 75.0 69.0 93.0 95.0 84.0 86.0 92.0 79.0 80.0 77.0 93.0 84.0 81.0 72.0 83.0 0.0 80.0 90.0 71.0 89.0 89.0 83.0 83.0 81.0 90.0 78.0 85.0 87.0 83.0 86.0 72.0 0.0 87.0 91.0 104.0 85.0 51.0 83.0 81.0 84.0 79.0 70.0 105.0 82.0 76.0 96.0 82.0 0.0 79.0 75.0 92.0 72.0 90.0 103.0 74.0 104.0 76.0 73.0 68.0 84.0 90.0 80.0 92.0 0.0 75.0 83.0 80.0 78.0 86.0
74.0 82.0 81.0 99.0 79.0 76.0 86.0 91.0 78.0 82.0 85.0 0.0 88.0 66.0 79.0 70.0 0.0 0.0 0.0 0.0 0.0 0.0 0.0 0.0 0.0 0.0 0.0 1216.0 0.0 0.0 0.0 0.0 93.0 94.0 81.0 82.0 82.0 73.0 80.0 72.0 89.0 77.0 86.0 0.0 77.0 78.0 72.0 80.0 89.0 82.0 74.0 87.0 73.0 78.0 77.0 84.0 97.0 86.0 71.0 0.0 84.0 75.0 81.0 78.0 91.0 65.0 81.0 87.0 59.0 82.0 86.0 92.0 91.0 78.0 84.0 0.0 67.0 99.0 70.0 84.0 94.0 82.0 89.0 78.0 71.0 76.0 78.0 76.0 78.0 76.0 100.0 0.0 60.0 88.0 81.0 89.0 75.0 76.0 93.0 88.0 83.0 88.0 86.0 71.0 75.0 89.0 73.0 0.0 83.0 72.0 76.0 88.0 71.0 82.0 88.0 73.0 81.0 71.0 85.0 89.0 76.0 93.0 69.0 0.0 98.0 79.0 85.0 76.0 73.0 89.0 67.0 85.0 98.0 66.0 70.0 87.0 83.0 72.0 77.0 0.0 84.0 87.0 97.0 81.0 93.0 79.0 90.0 64.0 88.0 88.0 89.0 79.0 78.0 64.0 78.0 0.0 68.0 83.0 92.0 83.0 63.0 83.0 80.0 96.0 82.0 91.0 73.0 75.0 88.0 71.0 80.0 0.0 86.0 85.0 81.0 82.0 70.0 96.0 76.0 67.0 92.0 99.0 68.0 91.0 72.0 95.0 86.0 0.0 81.0 70.0 75.0 78.0 81.0 78.0 73.0 75.0 87.0 75.0 87.0 83.0 76.0 91.0 92.0 0.0 85.0 78.0 83.0 72.0 73.0 76.0 96.0 63.0 69.0 76.0 86.0 79.0 74.0 84.0 86.0 0.0 86.0 86.0 90.0 92.0 83.0 74.0 79.0 91.0 82.0 95.0 84.0 70.0 85.0 75.0 79.0 0.0 83.0 85.0 71.0 80.0 93.0 78.0 68.0 81.0 90.0 82.0 81.0 77.0 76.0 83.0 70.0 0.0 86.0 85.0 83.0 83.0
90.0 98.0 79.0 87.0 71.0 87.0 78.0 91.0 70.0 82.0 78.0 81.0 0.0 87.0 84.0 92.0 0.0 0.0 0.0 0.0 0.0 0.0 0.0 0.0 0.0 0.0 0.0 0.0 1255.0 0.0 0.0 0.0 78.0 92.0 72.0 81.0 73.0 96.0 80.0 92.0 89.0 80.0 81.0 81.0 0.0 78.0 99.0 83.0 93.0 99.0 91.0 89.0 94.0 80.0 80.0 69.0 79.0 86.0 76.0 77.0 0.0 82.0 80.0 80.0 83.0 80.0 107.0 95.0 78.0 88.0 92.0 79.0 91.0 58.0 79.0 85.0 0.0 83.0 82.0 75.0 88.0 77.0 101.0 83.0 85.0 80.0 78.0 85.0 87.0 83.0 86.0 77.0 0.0 85.0 87.0 73.0 77.0 88.0 78.0 68.0 99.0 75.0 72.0 86.0 89.0 70.0 94.0 89.0 0.0 83.0 87.0 100.0 96.0 88.0 78.0 85.0 78.0 85.0 103.0 77.0 82.0 76.0 95.0 89.0 0.0 64.0 89.0 70.0 67.0 69.0 87.0 87.0 82.0 85.0 87.0 94.0 88.0 82.0 99.0 78.0 0.0 88.0 84.0 78.0 89.0 77.0 97.0 76.0 82.0 83.0 76.0 76.0 80.0 95.0 80.0 73.0 0.0 93.0 96.0 82.0 77.0 92.0 79.0 81.0 85.0 76.0 70.0 89.0 83.0 91.0 83.0 83.0 0.0 92.0 91.0 83.0 99.0 78.0 66.0 80.0 77.0 91.0 93.0 80.0 89.0 89.0 83.0 81.0 0.0 93.0 61.0 95.0 86.0 88.0 83.0 90.0 75.0 77.0 102.0 92.0 64.0 88.0 74.0 84.0 0.0 99.0 75.0 78.0 73.0 81.0 90.0 90.0 86.0 79.0 84.0 87.0 91.0 91.0 77.0 98.0 0.0 70.0 75.0 83.0 87.0 77.0 78.0 78.0 84.0 90.0 76.0 76.0 94.0 91.0 90.0 93.0 0.0 68.0 87.0 86.0 72.0 71.0 69.0 85.0 106.0 83.0 84.0 82.0 79.0 93.0 80.0 86.0 0.0 90.0 78.0 97.0
