7
1 1 4 8 12 16 20
1 1 1 4 8 12 16
4 1 1 1 4 8 12
8 4 1 1 1 4 8
12 8 4 1 1 1 4
16 12 8 4 1 1 1
20 16 12 8 4 1 1
22.5 24.0 25.5 27.0 28.5 30.0 31.5
24.0 25.0 26.0 27.0 28.0 29.0 30.0
25.5 26.0 26.5 27.0 27.5 28.0 28.5
27.0 27.0 27.0 27.0 27.0 27.0 27.0
28.5 28.0 27.5 27.0 26.5 26.0 25.5
30.0 29.0 28.0 27.0 26.0 24.999999999999996 24.0
31.5 30.0 28.5 27.0 25.5 24.0 22.5
