169 20000
80538.0 87882.0 94599.0 89610.0 92364.0 93135.0 98457.0 97752.0 99468.0 105714.0 105699.0 103914.0 112914.0 87882.0 83952.0 90087.0 84918.0 97263.0 91596.0 100539.0 95349.0 104616.0 97524.0 113538.0 106965.0 107817.0 94599.0 90087.0 98694.0 96153.0 94752.0 90981.0 97902.0 98532.0 93708.0 98637.0 100629.0 105801.0 101571.0 89610.0 84918.0 96153.0 89334.0 94689.0 94971.0 102123.0 94305.0 101739.0 105756.0 99735.0 102921.0 105792.0 92364.0 97263.0 94752.0 94689.0 92544.0 96747.0 94920.0 97266.0 104907.0 97998.0 95796.0 100908.0 101892.0 93135.0 91596.0 90981.0 94971.0 96747.0 94146.0 99276.0 98958.0 101079.0 96798.0 98664.0 101646.0 104049.0 98457.0 100539.0 97902.0 102123.0 94920.0 99276.0 95334.0 94509.0 97833.0 92268.0 94413.0 98313.0 96159.0 97752.0 95349.0 98532.0 94305.0 97266.0 98958.0 94509.0 102738.0 98163.0 97296.0 97749.0 94617.0 94812.0 99468.0 104616.0 93708.0 101739.0 104907.0 101079.0 97833.0 98163.0 94506.0 94626.0 92571.0 90876.0 87954.0 105714.0 97524.0 98637.0 105756.0 97998.0 96798.0 92268.0 97296.0 94626.0 93084.0 97488.0 90141.0 94716.0 105699.0 113538.0 100629.0 99735.0 95796.0 98664.0 94413.0 97749.0 92571.0 97488.0 86274.0 91782.0 87708.0 103914.0 106965.0 105801.0 102921.0 100908.0 101646.0 98313.0 94617.0 90876.0 90141.0 91782.0 86454.0 87708.0 112914.0 107817.0 101571.0 105792.0 101892.0 104049.0 96159.0 94812.0 87954.0 94716.0 87708.0 87708.0 78954.0
1472.0 0.0 0.0 0.0 0.0 0.0 0.0 0.0 0.0 0.0 0.0 0.0 0.0 0.0 144.0 101.0 134.0 103.0 126.0 141.0 109.0 125.0 116.0 114.0 133.0 126.0 0.0 101.0 124.0 126.0 114.0 142.0 126.0 110.0 126.0 117.0 125.0 124.0 137.0 0.0 134.0 126.0 132.0 108.0 118.0 113.0 122.0 139.0 130.0 113.0 122.0 115.0 0.0 103.0 114.0 108.0 148.0 137.0 115.0 129.0 148.0 132.0 113.0 120.0 105.0 0.0 126.0 142.0 118.0 137.0 116.0 118.0 136.0 116.0 128.0 106.0 113.0 116.0 0.0 141.0 126.0 113.0 115.0 118.0 104.0 122.0 127.0 129.0 132.0 115.0 130.0 0.0 109.0 110.0 122.0 129.0 136.0 122.0 126.0 122.0 115.0 136.0 142.0 103.0 0.0 125.0 126.0 139.0 148.0 116.0 127.0 122.0 94.0 114.0 120.0 108.0 133.0 0.0 116.0 117.0 130.0 132.0 128.0 129.0 115.0 114.0 132.0 135.0 113.0 111.0 0.0 114.0 125.0 113.0 113.0 106.0 132.0 136.0 120.0 135.0 124.0 121.0 133.0 0.0 133.0 124.0 122.0 120.0 113.0 115.0 142.0 108.0 113.0 121.0 136.0 125.0 0.0 126.0 137.0 115.0 105.0 116.0 130.0 103.0 133.0 111.0 133.0 125.0 138.0
0.0 1540.0 0.0 0.0 0.0 0.0 0.0 0.0 0.0 0.0 0.0 0.0 0.0 134.0 0.0 125.0 126.0 131.0 129.0 136.0 111.0 135.0 138.0 128.0 115.0 132.0 158.0 0.0 142.0 131.0 122.0 105.0 134.0 141.0 108.0 125.0 125.0 130.0 119.0 108.0 0.0 144.0 130.0 125.0 129.0 128.0 120.0 137.0 137.0 144.0 118.0 120.0 129.0 0.0 151.0 116.0 120.0 129.0 131.0 136.0 138.0 97.0 121.0 138.0 134.0 116.0 0.0 110.0 123.0 138.0 115.0 128.0 135.0 140.0 126.0 130.0 139.0 140.0 112.0 0.0 132.0 129.0 124.0 163.0 126.0 125.0 135.0 116.0 138.0 128.0 112.0 133.0 0.0 112.0 142.0 137.0 121.0 129.0 131.0 112.0 133.0 121.0 134.0 135.0 129.0 0.0 108.0 122.0 151.0 136.0 136.0 133.0 142.0 122.0 135.0 103.0 123.0 144.0 0.0 130.0 131.0 136.0 125.0 106.0 124.0 125.0 128.0 125.0 132.0 134.0 128.0 0.0 117.0 138.0 109.0 127.0 135.0 116.0 133.0 130.0 130.0 140.0 137.0 104.0 0.0 135.0 119.0 117.0 142.0 120.0 143.0 113.0 158.0 118.0 140.0 131.0 145.0 0.0 134.0 133.0 130.0 119.0 131.0 125.0 122.0 130.0 125.0 123.0 123.0
0.0 0.0 1633.0 0.0 0.0 0.0 0.0 0.0 0.0 0.0 0.0 0.0 0.0 158.0 126.0 0.0 122.0 141.0 132.0 134.0 130.0 130.0 148.0 149.0 132.0 131.0 144.0 125.0 0.0 158.0 154.0 125.0 132.0 127.0 130.0 116.0 124.0 144.0 154.0 158.0 140.0 0.0 129.0 138.0 135.0 143.0 131.0 134.0 139.0 129.0 128.0 129.0 132.0 131.0 0.0 122.0 127.0 149.0 133.0 145.0 129.0 135.0 135.0 149.0 146.0 124.0 139.0 0.0 127.0 138.0 139.0 144.0 139.0 151.0 115.0 145.0 135.0 137.0 142.0 141.0 0.0 147.0 146.0 131.0 133.0 134.0 142.0 122.0 132.0 144.0 119.0 124.0 126.0 0.0 137.0 125.0 138.0 124.0 160.0 135.0 152.0 138.0 130.0 144.0 115.0 146.0 0.0 141.0 129.0 134.0 143.0 141.0 138.0 132.0 136.0 139.0 139.0 136.0 134.0 0.0 148.0 125.0 124.0 125.0 137.0 130.0 154.0 142.0 136.0 142.0 136.0 148.0 0.0 127.0 123.0 159.0 147.0 130.0 143.0 131.0 125.0 125.0 139.0 126.0 140.0 0.0 149.0 153.0 134.0 141.0 120.0 142.0 140.0 140.0 116.0 132.0 138.0 137.0 0.0 126.0 134.0 133.0 134.0 139.0 129.0 149.0 138.0 155.0 121.0
0.0 0.0 0.0 1494.0 0.0 0.0 0.0 0.0 0.0 0.0 0.0 0.0 0.0 108.0 118.0 125.0 0.0 110.0 118.0 121.0 133.0 130.0 142.0 140.0 136.0 113.0 158.0 119.0 119.0 0.0 133.0 117.0 126.0 134.0 112.0 117.0 104.0 123.0 132.0 120.0 102.0 140.0 0.0 133.0 144.0 125.0 125.0 109.0 131.0 115.0 124.0 126.0 125.0 131.0 131.0 0.0 115.0 114.0 126.0 124.0 139.0 131.0 112.0 123.0 123.0 120.0 128.0 111.0 0.0 128.0 126.0 116.0 121.0 127.0 122.0 132.0 131.0 132.0 106.0 132.0 138.0 0.0 108.0 128.0 116.0 121.0 128.0 113.0 135.0 127.0 142.0 138.0 108.0 132.0 0.0 130.0 136.0 111.0 128.0 133.0 113.0 123.0 130.0 112.0 110.0 142.0 125.0 0.0 116.0 126.0 143.0 105.0 135.0 125.0 127.0 122.0 118.0 119.0 126.0 116.0 0.0 125.0 119.0 129.0 137.0 138.0 114.0 121.0 110.0 140.0 120.0 142.0 112.0 0.0 132.0 117.0 130.0 112.0 123.0 141.0 116.0 129.0 120.0 128.0 127.0 124.0 0.0 125.0 128.0 132.0 134.0 112.0 127.0 131.0 107.0 119.0 142.0 119.0 121.0 0.0 139.0 121.0 119.0 120.0 108.0 118.0 138.0 132.0 117.0
0.0 0.0 0.0 0.0 1516.0 0.0 0.0 0.0 0.0 0.0 0.0 0.0 0.0 129.0 121.0 144.0 112.0 0.0 109.0 122.0 132.0 123.0 113.0 158.0 127.0 126.0 132.0 110.0 134.0 120.0 0.0 122.0 120.0 113.0 133.0 128.0 119.0 139.0 146.0 125.0 114.0 131.0 140.0 0.0 139.0 127.0 125.0 120.0 135.0 116.0 139.0 105.0 122.0 130.0 106.0 117.0 0.0 144.0 110.0 127.0 158.0 142.0 122.0 116.0 122.0 127.0 127.0 123.0 135.0 0.0 111.0 133.0 128.0 117.0 117.0 124.0 141.0 133.0 126.0 130.0 128.0 130.0 0.0 131.0 148.0 125.0 132.0 124.0 113.0 105.0 124.0 121.0 124.0 134.0 106.0 0.0 118.0 111.0 151.0 126.0 136.0 127.0 132.0 130.0 136.0 131.0 107.0 117.0 0.0 132.0 136.0 129.0 128.0 138.0 118.0 130.0 114.0 130.0 121.0 130.0 126.0 0.0 137.0 120.0 107.0 131.0 119.0 125.0 132.0 138.0 125.0 139.0 119.0 134.0 0.0 121.0 123.0 132.0 108.0 121.0 140.0 120.0 134.0 108.0 143.0 137.0 126.0 0.0 119.0 144.0 129.0 121.0 117.0 133.0 118.0 121.0 135.0 126.0 123.0 153.0 0.0 133.0 122.0 118.0 119.0 126.0 121.0 117.0 123.0
0.0 0.0 0.0 0.0 0.0 1496.0 0.0 0.0 0.0 0.0 0.0 0.0 0.0 116.0 121.0 136.0 109.0 131.0 0.0 127.0 121.0 127.0 124.0 117.0 131.0 136.0 124.0 116.0 141.0 121.0 120.0 0.0 103.0 127.0 127.0 119.0 132.0 141.0 125.0 120.0 119.0 128.0 115.0 125.0 0.0 123.0 119.0 143.0 128.0 118.0 131.0 127.0 127.0 156.0 137.0 127.0 117.0 0.0 116.0 113.0 110.0 122.0 135.0 118.0 118.0 126.0 126.0 116.0 133.0 114.0 0.0 141.0 126.0 115.0 133.0 132.0 114.0 120.0 144.0 110.0 109.0 135.0 121.0 0.0 148.0 121.0 133.0 118.0 115.0 133.0 109.0 106.0 119.0 117.0 139.0 117.0 0.0 137.0 117.0 123.0 138.0 141.0 106.0 136.0 140.0 133.0 110.0 118.0 129.0 0.0 131.0 128.0 137.0 115.0 127.0 119.0 109.0 116.0 133.0 118.0 127.0 141.0 0.0 120.0 140.0 119.0 130.0 105.0 127.0 120.0 134.0 128.0 134.0 119.0 119.0 0.0 105.0 133.0 104.0 130.0 118.0 134.0 138.0 129.0 116.0 134.0 126.0 129.0 0.0 118.0 116.0 132.0 127.0 132.0 112.0 125.0 114.0 119.0 116.0 127.0 133.0 0.0 127.0 135.0 126.0 112.0 124.0 130.0 133.0
0.0 0.0 0.0 0.0 0.0 0.0 1558.0 0.0 0.0 0.0 0.0 0.0 0.0 112.0 128.0 131.0 129.0 120.0 137.0 0.0 142.0 128.0 125.0 150.0 139.0 117.0 142.0 142.0 153.0 125.0 149.0 122.0 0.0 131.0 109.0 123.0 110.0 135.0 117.0 106.0 123.0 130.0 114.0 143.0 139.0 0.0 123.0 135.0 136.0 136.0 126.0 147.0 126.0 125.0 127.0 140.0 134.0 141.0 0.0 118.0 141.0 116.0 121.0 131.0 138.0 144.0 108.0 115.0 121.0 116.0 134.0 0.0 144.0 121.0 144.0 117.0 147.0 147.0 102.0 154.0 136.0 125.0 134.0 115.0 0.0 130.0 128.0 145.0 114.0 124.0 151.0 126.0 144.0 115.0 154.0 118.0 129.0 0.0 136.0 139.0 115.0 145.0 127.0 110.0 136.0 128.0 125.0 128.0 133.0 137.0 0.0 128.0 126.0 138.0 128.0 140.0 111.0 144.0 132.0 142.0 130.0 104.0 125.0 0.0 130.0 109.0 134.0 151.0 132.0 125.0 151.0 119.0 136.0 117.0 136.0 123.0 0.0 121.0 153.0 133.0 120.0 114.0 135.0 128.0 131.0 116.0 150.0 131.0 133.0 0.0 122.0 141.0 117.0 137.0 113.0 139.0 141.0 124.0 132.0 125.0 140.0 123.0 0.0 133.0 128.0 132.0 129.0 130.0 121.0
0.0 0.0 0.0 0.0 0.0 0.0 0.0 1521.0 0.0 0.0 0.0 0.0 0.0 133.0 120.0 124.0 139.0 130.0 130.0 132.0 0.0 112.0 121.0 139.0 114.0 127.0 124.0 129.0 137.0 130.0 143.0 126.0 133.0 0.0 121.0 135.0 98.0 127.0 118.0 138.0 120.0 122.0 106.0 129.0 136.0 138.0 0.0 112.0 133.0 123.0 130.0 134.0 121.0 129.0 135.0 134.0 126.0 115.0 111.0 0.0 130.0 129.0 123.0 142.0 126.0 106.0 119.0 111.0 129.0 125.0 117.0 137.0 0.0 128.0 138.0 125.0 148.0 138.0 126.0 136.0 125.0 144.0 122.0 131.0 119.0 0.0 126.0 112.0 128.0 125.0 127.0 136.0 127.0 134.0 98.0 124.0 157.0 117.0 0.0 127.0 128.0 124.0 125.0 124.0 120.0 119.0 125.0 145.0 132.0 110.0 123.0 0.0 134.0 122.0 139.0 111.0 141.0 132.0 113.0 125.0 129.0 119.0 118.0 137.0 0.0 145.0 116.0 142.0 127.0 118.0 124.0 116.0 136.0 132.0 136.0 118.0 128.0 0.0 134.0 122.0 120.0 133.0 122.0 125.0 168.0 121.0 122.0 111.0 128.0 127.0 0.0 125.0 142.0 123.0 112.0 117.0 136.0 125.0 126.0 113.0 124.0 135.0 119.0 0.0 127.0 123.0 137.0 127.0 129.0
0.0 0.0 0.0 0.0 0.0 0.0 0.0 0.0 1519.0 0.0 0.0 0.0 0.0 129.0 159.0 119.0 113.0 120.0 124.0 128.0 130.0 0.0 103.0 137.0 128.0 129.0 115.0 133.0 127.0 131.0 117.0 115.0 146.0 121.0 0.0 129.0 147.0 129.0 109.0 110.0 125.0 140.0 132.0 113.0 119.0 140.0 123.0 0.0 148.0 104.0 122.0 143.0 136.0 120.0 124.0 126.0 116.0 119.0 143.0 125.0 0.0 118.0 134.0 116.0 142.0 140.0 116.0 123.0 123.0 129.0 116.0 129.0 132.0 0.0 121.0 110.0 141.0 139.0 136.0 103.0 128.0 144.0 118.0 114.0 116.0 134.0 0.0 122.0 122.0 148.0 134.0 120.0 129.0 129.0 130.0 125.0 125.0 117.0 129.0 0.0 133.0 126.0 125.0 131.0 106.0 125.0 137.0 135.0 140.0 149.0 113.0 126.0 0.0 118.0 131.0 132.0 107.0 137.0 122.0 114.0 132.0 137.0 134.0 116.0 147.0 0.0 113.0 132.0 115.0 120.0 144.0 131.0 125.0 115.0 134.0 132.0 119.0 114.0 0.0 137.0 132.0 117.0 119.0 116.0 131.0 125.0 123.0 145.0 122.0 119.0 131.0 0.0 134.0 123.0 131.0 119.0 130.0 125.0 128.0 115.0 125.0 150.0 133.0 107.0 0.0 143.0 121.0 115.0 127.0
0.0 0.0 0.0 0.0 0.0 0.0 0.0 0.0 0.0 1582.0 0.0 0.0 0.0 144.0 132.0 133.0 98.0 133.0 122.0 127.0 123.0 149.0 0.0 143.0 132.0 146.0 136.0 145.0 138.0 144.0 135.0 121.0 136.0 133.0 120.0 0.0 131.0 122.0 121.0 119.0 132.0 147.0 136.0 132.0 116.0 139.0 138.0 122.0 0.0 145.0 125.0 131.0 130.0 131.0 123.0 118.0 122.0 131.0 117.0 142.0 145.0 0.0 129.0 154.0 140.0 116.0 116.0 140.0 138.0 124.0 133.0 140.0 124.0 145.0 0.0 143.0 130.0 133.0 144.0 130.0 134.0 149.0 130.0 133.0 125.0 127.0 127.0 0.0 131.0 118.0 134.0 132.0 148.0 124.0 124.0 124.0 135.0 147.0 141.0 141.0 0.0 115.0 120.0 131.0 137.0 121.0 119.0 134.0 148.0 147.0 142.0 127.0 126.0 0.0 131.0 126.0 124.0 126.0 118.0 120.0 155.0 129.0 138.0 105.0 148.0 131.0 0.0 141.0 151.0 120.0 117.0 140.0 138.0 118.0 128.0 123.0 123.0 149.0 135.0 0.0 125.0 148.0 138.0 136.0 132.0 142.0 135.0 126.0 143.0 137.0 123.0 112.0 0.0 121.0 143.0 132.0 145.0 137.0 124.0 133.0 151.0 140.0 144.0 107.0 129.0 0.0 127.0 113.0 132.0
0.0 0.0 0.0 0.0 0.0 0.0 0.0 0.0 0.0 0.0 1556.0 0.0 0.0 128.0 121.0 126.0 125.0 163.0 107.0 135.0 143.0 129.0 136.0 0.0 129.0 114.0 136.0 133.0 152.0 139.0 108.0 124.0 129.0 128.0 120.0 122.0 0.0 141.0 124.0 120.0 131.0 123.0 134.0 116.0 117.0 126.0 121.0 133.0 145.0 0.0 151.0 139.0 125.0 131.0 142.0 140.0 115.0 115.0 144.0 115.0 146.0 119.0 0.0 119.0 145.0 134.0 149.0 112.0 139.0 137.0 140.0 122.0 139.0 132.0 115.0 0.0 128.0 109.0 151.0 123.0 116.0 130.0 123.0 114.0 136.0 116.0 142.0 114.0 0.0 151.0 140.0 124.0 114.0 140.0 118.0 122.0 138.0 129.0 148.0 123.0 138.0 0.0 135.0 127.0 144.0 122.0 119.0 127.0 145.0 116.0 139.0 137.0 128.0 119.0 0.0 118.0 142.0 117.0 130.0 128.0 142.0 132.0 128.0 127.0 118.0 120.0 141.0 0.0 117.0 156.0 126.0 145.0 131.0 117.0 128.0 131.0 129.0 125.0 130.0 152.0 0.0 127.0 115.0 118.0 121.0 146.0 108.0 135.0 167.0 120.0 124.0 128.0 127.0 0.0 134.0 128.0 133.0 136.0 121.0 137.0 132.0 159.0 120.0 142.0 125.0 128.0 0.0 106.0 117.0
0.0 0.0 0.0 0.0 0.0 0.0 0.0 0.0 0.0 0.0 0.0 1496.0 0.0 104.0 127.0 109.0 126.0 144.0 130.0 124.0 114.0 148.0 114.0 126.0 0.0 130.0 126.0 115.0 126.0 125.0 113.0 107.0 122.0 129.0 126.0 139.0 151.0 0.0 117.0 128.0 115.0 114.0 115.0 130.0 123.0 140.0 125.0 124.0 127.0 125.0 0.0 130.0 108.0 134.0 120.0 127.0 118.0 128.0 123.0 120.0 124.0 138.0 119.0 0.0 137.0 129.0 118.0 122.0 129.0 121.0 127.0 126.0 109.0 129.0 122.0 121.0 0.0 143.0 128.0 120.0 146.0 119.0 114.0 128.0 122.0 120.0 129.0 124.0 121.0 0.0 125.0 125.0 118.0 133.0 120.0 144.0 129.0 119.0 141.0 125.0 101.0 122.0 0.0 119.0 116.0 131.0 127.0 116.0 124.0 122.0 114.0 126.0 129.0 145.0 125.0 0.0 121.0 136.0 120.0 114.0 143.0 119.0 121.0 122.0 126.0 131.0 115.0 126.0 0.0 123.0 118.0 148.0 124.0 117.0 108.0 130.0 122.0 133.0 113.0 139.0 111.0 0.0 133.0 158.0 115.0 133.0 121.0 135.0 127.0 129.0 125.0 106.0 108.0 132.0 0.0 107.0 120.0 135.0 128.0 138.0 126.0 124.0 133.0 128.0 112.0 124.0 117.0 0.0 111.0
0.0 0.0 0.0 0.0 0.0 0.0 0.0 0.0 0.0 0.0 0.0 0.0 1617.0 145.0 119.0 125.0 135.0 133.0 140.0 142.0 115.0 144.0 117.0 139.0 163.0 0.0 138.0 130.0 141.0 138.0 135.0 135.0 148.0 133.0 121.0 128.0 150.0 120.0 0.0 142.0 113.0 143.0 131.0 117.0 138.0 145.0 135.0 145.0 150.0 120.0 138.0 0.0 135.0 138.0 133.0 134.0 148.0 131.0 132.0 129.0 140.0 140.0 129.0 128.0 0.0 114.0 132.0 136.0 138.0 146.0 130.0 122.0 151.0 150.0 135.0 135.0 128.0 0.0 141.0 149.0 137.0 122.0 146.0 150.0 125.0 119.0 125.0 134.0 140.0 129.0 0.0 136.0 137.0 147.0 117.0 128.0 122.0 131.0 150.0 141.0 152.0 126.0 130.0 0.0 130.0 157.0 125.0 131.0 153.0 146.0 127.0 145.0 121.0 128.0 127.0 127.0 0.0 145.0 132.0 144.0 146.0 120.0 119.0 137.0 125.0 123.0 152.0 142.0 132.0 0.0 133.0 170.0 119.0 141.0 127.0 133.0 128.0 143.0 148.0 116.0 113.0 146.0 0.0 120.0 122.0 138.0 153.0 127.0 139.0 145.0 127.0 135.0 114.0 143.0 154.0 0.0 138.0 118.0 129.0 131.0 137.0 134.0 135.0 145.0 124.0 151.0 153.0 122.0 0.0
0.0 134.0 158.0 108.0 129.0 116.0 112.0 133.0 129.0 144.0 128.0 104.0 145.0 1540.0 0.0 0.0 0.0 0.0 0.0 0.0 0.0 0.0 0.0 0.0 0.0 0.0 0.0 125.0 142.0 144.0 151.0 110.0 132.0 112.0 108.0 130.0 117.0 135.0 134.0 0.0 126.0 131.0 130.0 116.0 123.0 129.0 142.0 122.0 131.0 138.0 119.0 133.0 0.0 131.0 122.0 125.0 120.0 138.0 124.0 137.0 151.0 136.0 109.0 117.0 130.0 0.0 129.0 105.0 129.0 129.0 115.0 163.0 121.0 136.0 125.0 127.0 142.0 119.0 0.0 136.0 134.0 128.0 131.0 128.0 126.0 129.0 136.0 106.0 135.0 120.0 131.0 0.0 111.0 141.0 120.0 136.0 135.0 125.0 131.0 133.0 124.0 116.0 143.0 125.0 0.0 135.0 108.0 137.0 138.0 140.0 135.0 112.0 142.0 125.0 133.0 113.0 122.0 0.0 138.0 125.0 137.0 97.0 126.0 116.0 133.0 122.0 128.0 130.0 158.0 130.0 0.0 128.0 125.0 144.0 121.0 130.0 138.0 121.0 135.0 125.0 130.0 118.0 125.0 0.0 115.0 130.0 118.0 138.0 139.0 128.0 134.0 103.0 132.0 140.0 140.0 123.0 0.0 132.0 119.0 120.0 134.0 140.0 112.0 135.0 123.0 134.0 137.0 131.0 123.0
144.0 0.0 126.0 118.0 121.0 121.0 128.0 120.0 159.0 132.0 121.0 127.0 119.0 0.0 1536.0 0.0 0.0 0.0 0.0 0.0 0.0 0.0 0.0 0.0 0.0 0.0 126.0 0.0 144.0 135.0 130.0 118.0 125.0 135.0 128.0 115.0 122.0 134.0 124.0 118.0 0.0 135.0 126.0 106.0 135.0 151.0 128.0 137.0 152.0 109.0 135.0 104.0 121.0 0.0 130.0 106.0 148.0 126.0 109.0 134.0 133.0 124.0 118.0 145.0 142.0 121.0 0.0 118.0 135.0 126.0 98.0 128.0 135.0 145.0 146.0 116.0 123.0 145.0 128.0 0.0 125.0 151.0 109.0 128.0 130.0 114.0 120.0 146.0 126.0 122.0 137.0 120.0 0.0 135.0 128.0 134.0 135.0 114.0 162.0 127.0 121.0 121.0 119.0 120.0 159.0 0.0 128.0 137.0 133.0 145.0 120.0 127.0 110.0 110.0 128.0 111.0 128.0 132.0 0.0 115.0 152.0 124.0 146.0 146.0 121.0 110.0 116.0 145.0 116.0 113.0 121.0 0.0 122.0 109.0 118.0 116.0 126.0 121.0 128.0 145.0 156.0 138.0 136.0 127.0 0.0 134.0 135.0 145.0 123.0 122.0 119.0 111.0 116.0 138.0 140.0 126.0 119.0 0.0 124.0 104.0 142.0 145.0 137.0 120.0 128.0 113.0 136.0 126.0 142.0
101.0 125.0 0.0 125.0 144.0 136.0 131.0 124.0 119.0 133.0 126.0 109.0 125.0 0.0 0.0 1498.0 0.0 0.0 0.0 0.0 0.0 0.0 0.0 0.0 0.0 0.0 125.0 116.0 0.0 125.0 109.0 104.0 152.0 125.0 133.0 136.0 135.0 117.0 121.0 119.0 127.0 0.0 128.0 134.0 115.0 106.0 143.0 137.0 106.0 119.0 128.0 136.0 110.0 130.0 0.0 111.0 126.0 120.0 122.0 119.0 147.0 124.0 127.0 141.0 121.0 116.0 129.0 0.0 122.0 125.0 128.0 124.0 117.0 115.0 130.0 125.0 125.0 142.0 142.0 116.0 0.0 120.0 118.0 127.0 122.0 135.0 130.0 116.0 132.0 123.0 117.0 129.0 123.0 0.0 135.0 99.0 121.0 126.0 117.0 114.0 135.0 144.0 131.0 124.0 133.0 135.0 0.0 108.0 149.0 113.0 124.0 143.0 114.0 128.0 131.0 107.0 113.0 145.0 121.0 0.0 142.0 144.0 117.0 118.0 117.0 120.0 124.0 113.0 113.0 124.0 133.0 117.0 0.0 117.0 113.0 137.0 112.0 122.0 140.0 133.0 114.0 139.0 121.0 115.0 146.0 0.0 124.0 122.0 143.0 138.0 98.0 102.0 124.0 112.0 148.0 126.0 130.0 113.0 0.0 141.0 115.0 137.0 123.0 138.0 127.0 109.0 120.0 117.0 128.0
134.0 126.0 122.0 0.0 112.0 109.0 129.0 139.0 113.0 98.0 125.0 126.0 135.0 0.0 0.0 0.0 1468.0 0.0 0.0 0.0 0.0 0.0 0.0 0.0 0.0 0.0 140.0 127.0 128.0 0.0 119.0 103.0 130.0 113.0 122.0 112.0 136.0 122.0 116.0 102.0 112.0 129.0 0.0 127.0 122.0 127.0 124.0 121.0 147.0 121.0 116.0 120.0 114.0 114.0 113.0 0.0 125.0 141.0 114.0 111.0 127.0 121.0 115.0 129.0 144.0 119.0 102.0 112.0 0.0 127.0 119.0 124.0 141.0 128.0 117.0 106.0 139.0 134.0 123.0 130.0 116.0 0.0 128.0 118.0 138.0 120.0 118.0 116.0 132.0 119.0 110.0 120.0 129.0 112.0 0.0 113.0 131.0 117.0 143.0 118.0 112.0 128.0 119.0 126.0 125.0 130.0 108.0 0.0 134.0 128.0 104.0 131.0 133.0 116.0 134.0 126.0 99.0 132.0 92.0 130.0 0.0 122.0 124.0 133.0 112.0 121.0 126.0 126.0 123.0 127.0 131.0 144.0 126.0 0.0 114.0 128.0 125.0 109.0 115.0 136.0 110.0 108.0 122.0 115.0 146.0 132.0 0.0 137.0 123.0 107.0 110.0 127.0 137.0 103.0 124.0 107.0 113.0 116.0 140.0 0.0 110.0 122.0 120.0 115.0 125.0 130.0 132.0 117.0 128.0
103.0 131.0 141.0 110.0 0.0 131.0 120.0 130.0 120.0 133.0 163.0 144.0 133.0 0.0 0.0 0.0 0.0 1559.0 0.0 0.0 0.0 0.0 0.0 0.0 0.0 0.0 131.0 130.0 134.0 135.0 0.0 131.0 148.0 134.0 111.0 139.0 116.0 129.0 121.0 131.0 114.0 127.0 150.0 0.0 134.0 140.0 119.0 130.0 130.0 106.0 125.0 153.0 130.0 134.0 144.0 120.0 0.0 125.0 110.0 127.0 139.0 127.0 133.0 134.0 136.0 156.0 136.0 126.0 128.0 0.0 121.0 112.0 132.0 141.0 123.0 124.0 133.0 127.0 125.0 143.0 134.0 140.0 0.0 116.0 118.0 129.0 110.0 127.0 147.0 139.0 131.0 129.0 120.0 135.0 118.0 0.0 121.0 137.0 123.0 146.0 135.0 123.0 135.0 137.0 120.0 153.0 115.0 135.0 0.0 148.0 156.0 125.0 121.0 126.0 128.0 114.0 118.0 131.0 129.0 125.0 131.0 0.0 113.0 126.0 136.0 133.0 147.0 149.0 110.0 129.0 131.0 125.0 123.0 114.0 0.0 136.0 128.0 144.0 146.0 122.0 111.0 144.0 135.0 134.0 127.0 130.0 138.0 0.0 144.0 138.0 125.0 133.0 118.0 134.0 120.0 118.0 138.0 117.0 125.0 140.0 0.0 139.0 126.0 135.0 129.0 132.0 125.0 132.0 121.0
126.0 129.0 132.0 118.0 109.0 0.0 137.0 130.0 124.0 122.0 107.0 130.0 140.0 0.0 0.0 0.0 0.0 0.0 1504.0 0.0 0.0 0.0 0.0 0.0 0.0 0.0 139.0 129.0 131.0 112.0 132.0 0.0 136.0 123.0 118.0 122.0 133.0 124.0 105.0 128.0 102.0 137.0 116.0 123.0 0.0 128.0 114.0 103.0 157.0 127.0 131.0 138.0 127.0 136.0 132.0 112.0 118.0 0.0 123.0 119.0 133.0 130.0 116.0 122.0 136.0 126.0 122.0 115.0 120.0 132.0 0.0 131.0 119.0 112.0 131.0 134.0 137.0 125.0 108.0 117.0 127.0 129.0 142.0 0.0 116.0 118.0 157.0 112.0 102.0 134.0 142.0 119.0 140.0 124.0 111.0 121.0 0.0 117.0 136.0 145.0 129.0 129.0 108.0 125.0 116.0 105.0 110.0 134.0 137.0 0.0 131.0 130.0 115.0 119.0 148.0 139.0 120.0 116.0 128.0 129.0 152.0 130.0 0.0 113.0 118.0 129.0 119.0 140.0 120.0 110.0 149.0 123.0 114.0 124.0 117.0 0.0 132.0 126.0 131.0 118.0 120.0 116.0 134.0 118.0 125.0 128.0 153.0 112.0 0.0 116.0 148.0 108.0 112.0 133.0 125.0 126.0 132.0 148.0 125.0 123.0 131.0 0.0 124.0 123.0 129.0 133.0 115.0 118.0 103.0
141.0 136.0 134.0 121.0 122.0 127.0 0.0 132.0 128.0 127.0 135.0 124.0 142.0 0.0 0.0 0.0 0.0 0.0 0.0 1569.0 0.0 0.0 0.0 0.0 0.0 0.0 141.0 116.0 126.0 142.0 116.0 143.0 0.0 139.0 133.0 140.0 122.0 119.0 132.0 132.0 130.0 120.0 124.0 128.0 140.0 0.0 130.0 116.0 144.0 144.0 131.0 130.0 130.0 143.0 118.0 126.0 120.0 137.0 0.0 123.0 146.0 126.0 141.0 128.0 131.0 110.0 117.0 125.0 145.0 157.0 116.0 0.0 132.0 138.0 118.0 145.0 149.0 117.0 154.0 152.0 121.0 115.0 121.0 128.0 0.0 103.0 150.0 137.0 116.0 135.0 137.0 136.0 126.0 120.0 133.0 131.0 129.0 0.0 150.0 127.0 128.0 129.0 125.0 135.0 103.0 145.0 142.0 120.0 138.0 147.0 0.0 121.0 143.0 123.0 122.0 123.0 142.0 130.0 137.0 134.0 137.0 141.0 121.0 0.0 132.0 126.0 124.0 130.0 130.0 127.0 123.0 121.0 134.0 143.0 139.0 117.0 0.0 150.0 115.0 138.0 122.0 139.0 128.0 120.0 130.0 144.0 133.0 126.0 111.0 0.0 136.0 121.0 147.0 119.0 151.0 131.0 149.0 116.0 151.0 130.0 130.0 153.0 0.0 121.0 126.0 117.0 144.0 115.0 117.0
109.0 111.0 130.0 133.0 132.0 121.0 142.0 0.0 130.0 123.0 143.0 114.0 115.0 0.0 0.0 0.0 0.0 0.0 0.0 0.0 1503.0 0.0 0.0 0.0 0.0 0.0 126.0 123.0 144.0 122.0 115.0 115.0 110.0 0.0 120.0 113.0 124.0 143.0 148.0 108.0 129.0 138.0 115.0 130.0 127.0 131.0 0.0 131.0 118.0 114.0 135.0 127.0 124.0 120.0 117.0 146.0 109.0 119.0 133.0 0.0 142.0 131.0 126.0 117.0 119.0 119.0 140.0 132.0 109.0 116.0 121.0 117.0 0.0 136.0 130.0 125.0 122.0 136.0 144.0 126.0 121.0 124.0 118.0 135.0 116.0 0.0 118.0 122.0 117.0 133.0 129.0 127.0 120.0 125.0 132.0 126.0 136.0 123.0 0.0 104.0 136.0 139.0 123.0 112.0 129.0 119.0 110.0 122.0 155.0 128.0 138.0 0.0 134.0 122.0 115.0 126.0 105.0 148.0 127.0 105.0 138.0 121.0 116.0 104.0 0.0 133.0 131.0 124.0 116.0 140.0 114.0 139.0 134.0 113.0 119.0 126.0 130.0 0.0 108.0 134.0 119.0 143.0 124.0 118.0 125.0 129.0 116.0 130.0 147.0 124.0 0.0 146.0 103.0 124.0 111.0 130.0 137.0 124.0 118.0 133.0 132.0 112.0 135.0 0.0 101.0 140.0 133.0 120.0 118.0
125.0 135.0 130.0 130.0 123.0 127.0 128.0 112.0 0.0 149.0 129.0 148.0 144.0 0.0 0.0 0.0 0.0 0.0 0.0 0.0 0.0 1580.0 0.0 0.0 0.0 0.0 146.0 135.0 141.0 121.0 135.0 117.0 130.0 126.0 0.0 121.0 131.0 137.0 140.0 142.0 130.0 123.0 142.0 134.0 147.0 122.0 118.0 0.0 124.0 143.0 133.0 122.0 131.0 153.0 137.0 124.0 129.0 140.0 108.0 140.0 0.0 129.0 145.0 124.0 120.0 133.0 105.0 143.0 136.0 123.0 137.0 131.0 142.0 0.0 128.0 116.0 148.0 138.0 128.0 145.0 151.0 153.0 133.0 149.0 123.0 121.0 0.0 116.0 115.0 110.0 136.0 119.0 119.0 119.0 121.0 125.0 159.0 147.0 143.0 0.0 137.0 128.0 134.0 129.0 125.0 138.0 141.0 129.0 129.0 113.0 141.0 131.0 0.0 144.0 111.0 132.0 146.0 121.0 121.0 117.0 130.0 139.0 139.0 118.0 140.0 0.0 129.0 154.0 141.0 131.0 122.0 145.0 130.0 124.0 125.0 123.0 146.0 127.0 0.0 140.0 136.0 126.0 136.0 131.0 135.0 124.0 141.0 144.0 121.0 133.0 147.0 0.0 133.0 143.0 106.0 122.0 157.0 119.0 124.0 129.0 141.0 108.0 153.0 133.0 0.0 130.0 129.0 141.0 116.0
116.0 138.0 148.0 142.0 113.0 124.0 125.0 121.0 103.0 0.0 136.0 114.0 117.0 0.0 0.0 0.0 0.0 0.0 0.0 0.0 0.0 0.0 1497.0 0.0 0.0 0.0 134.0 121.0 130.0 132.0 110.0 131.0 130.0 134.0 124.0 0.0 116.0 120.0 115.0 126.0 92.0 145.0 117.0 140.0 117.0 133.0 114.0 140.0 0.0 117.0 132.0 124.0 121.0 129.0 137.0 128.0 126.0 105.0 131.0 106.0 122.0 0.0 122.0 124.0 146.0 133.0 128.0 114.0 114.0 135.0 139.0 119.0 131.0 119.0 0.0 127.0 121.0 117.0 132.0 137.0 114.0 119.0 108.0 127.0 137.0 123.0 132.0 0.0 120.0 141.0 107.0 113.0 127.0 112.0 117.0 149.0 124.0 110.0 134.0 113.0 0.0 139.0 141.0 118.0 122.0 121.0 116.0 147.0 127.0 120.0 125.0 126.0 132.0 0.0 114.0 121.0 126.0 118.0 124.0 122.0 123.0 118.0 134.0 134.0 126.0 112.0 0.0 129.0 121.0 136.0 130.0 145.0 133.0 127.0 125.0 119.0 117.0 120.0 125.0 0.0 115.0 116.0 125.0 120.0 123.0 109.0 109.0 112.0 133.0 126.0 127.0 151.0 0.0 134.0 126.0 127.0 132.0 112.0 117.0 122.0 134.0 124.0 110.0 135.0 124.0 0.0 128.0 120.0 139.0
114.0 128.0 149.0 140.0 158.0 117.0 150.0 139.0 137.0 143.0 0.0 126.0 139.0 0.0 0.0 0.0 0.0 0.0 0.0 0.0 0.0 0.0 0.0 1640.0 0.0 0.0 148.0 117.0 135.0 144.0 149.0 140.0 130.0 129.0 121.0 139.0 0.0 144.0 144.0 142.0 144.0 137.0 125.0 124.0 147.0 138.0 131.0 136.0 136.0 0.0 137.0 143.0 139.0 125.0 126.0 144.0 122.0 140.0 135.0 133.0 138.0 141.0 0.0 159.0 138.0 128.0 123.0 137.0 150.0 117.0 144.0 148.0 139.0 154.0 111.0 0.0 132.0 157.0 119.0 121.0 139.0 127.0 158.0 128.0 139.0 135.0 151.0 132.0 0.0 145.0 146.0 116.0 139.0 145.0 136.0 135.0 142.0 128.0 145.0 147.0 137.0 0.0 133.0 137.0 131.0 145.0 142.0 126.0 141.0 137.0 140.0 138.0 136.0 146.0 0.0 127.0 131.0 140.0 145.0 139.0 142.0 127.0 130.0 129.0 155.0 130.0 121.0 0.0 146.0 136.0 145.0 152.0 120.0 137.0 140.0 134.0 119.0 139.0 136.0 147.0 0.0 137.0 134.0 148.0 150.0 138.0 126.0 140.0 142.0 149.0 140.0 130.0 147.0 0.0 110.0 120.0 170.0 151.0 133.0 143.0 129.0 139.0 135.0 117.0 124.0 140.0 0.0 144.0 115.0
133.0 115.0 132.0 136.0 127.0 131.0 139.0 114.0 128.0 132.0 129.0 0.0 163.0 0.0 0.0 0.0 0.0 0.0 0.0 0.0 0.0 0.0 0.0 0.0 1579.0 0.0 140.0 146.0 133.0 143.0 139.0 141.0 126.0 132.0 122.0 113.0 125.0 0.0 119.0 127.0 146.0 138.0 109.0 112.0 137.0 134.0 128.0 153.0 172.0 107.0 0.0 116.0 143.0 127.0 137.0 133.0 136.0 141.0 137.0 132.0 126.0 120.0 134.0 0.0 113.0 116.0 125.0 132.0 148.0 136.0 129.0 126.0 154.0 127.0 126.0 130.0 0.0 130.0 131.0 130.0 133.0 137.0 112.0 133.0 133.0 136.0 120.0 130.0 160.0 0.0 124.0 168.0 125.0 144.0 136.0 125.0 99.0 140.0 135.0 123.0 139.0 131.0 0.0 114.0 131.0 135.0 121.0 132.0 148.0 118.0 127.0 131.0 142.0 120.0 142.0 0.0 132.0 132.0 123.0 114.0 116.0 138.0 139.0 126.0 136.0 148.0 134.0 129.0 0.0 144.0 121.0 150.0 120.0 125.0 140.0 139.0 125.0 134.0 139.0 124.0 119.0 0.0 143.0 115.0 132.0 146.0 131.0 125.0 127.0 138.0 131.0 122.0 127.0 146.0 0.0 139.0 122.0 125.0 129.0 133.0 141.0 145.0 128.0 116.0 129.0 142.0 127.0 0.0 142.0
126.0 132.0 131.0 113.0 126.0 136.0 117.0 127.0 129.0 146.0 114.0 130.0 0.0 0.0 0.0 0.0 0.0 0.0 0.0 0.0 0.0 0.0 0.0 0.0 0.0 1527.0 137.0 113.0 146.0 133.0 138.0 108.0 106.0 125.0 113.0 118.0 139.0 151.0 0.0 119.0 116.0 128.0 132.0 135.0 109.0 148.0 116.0 127.0 122.0 143.0 132.0 0.0 126.0 117.0 130.0 134.0 127.0 121.0 155.0 142.0 144.0 110.0 107.0 114.0 0.0 119.0 148.0 102.0 117.0 130.0 137.0 133.0 121.0 120.0 131.0 145.0 124.0 0.0 124.0 116.0 140.0 144.0 123.0 139.0 120.0 131.0 132.0 113.0 119.0 126.0 0.0 125.0 124.0 115.0 120.0 129.0 152.0 110.0 139.0 150.0 121.0 117.0 125.0 0.0 125.0 119.0 112.0 126.0 119.0 134.0 133.0 132.0 116.0 137.0 138.0 136.0 0.0 137.0 112.0 143.0 139.0 118.0 111.0 110.0 128.0 132.0 149.0 118.0 130.0 0.0 136.0 151.0 135.0 111.0 122.0 115.0 123.0 131.0 126.0 125.0 122.0 130.0 0.0 135.0 125.0 131.0 130.0 123.0 142.0 128.0 121.0 121.0 128.0 128.0 115.0 0.0 118.0 154.0 114.0 128.0 137.0 123.0 144.0 114.0 117.0 127.0 137.0 114.0 0.0
0.0 158.0 144.0 158.0 132.0 124.0 142.0 124.0 115.0 136.0 136.0 126.0 138.0 0.0 126.0 125.0 140.0 131.0 139.0 141.0 126.0 146.0 134.0 148.0 140.0 137.0 1633.0 0.0 0.0 0.0 0.0 0.0 0.0 0.0 0.0 0.0 0.0 0.0 0.0 0.0 122.0 158.0 129.0 122.0 127.0 147.0 137.0 141.0 148.0 127.0 149.0 126.0 0.0 141.0 154.0 138.0 127.0 138.0 146.0 125.0 129.0 125.0 123.0 153.0 134.0 0.0 132.0 125.0 135.0 149.0 139.0 131.0 138.0 134.0 124.0 159.0 134.0 133.0 0.0 134.0 132.0 143.0 133.0 144.0 133.0 124.0 143.0 125.0 147.0 141.0 134.0 0.0 130.0 127.0 131.0 145.0 139.0 134.0 160.0 141.0 137.0 130.0 120.0 139.0 0.0 130.0 130.0 134.0 129.0 151.0 142.0 135.0 138.0 130.0 143.0 142.0 129.0 0.0 148.0 116.0 139.0 135.0 115.0 122.0 152.0 132.0 154.0 131.0 140.0 149.0 0.0 149.0 124.0 129.0 135.0 145.0 132.0 138.0 136.0 142.0 125.0 140.0 138.0 0.0 132.0 144.0 128.0 149.0 135.0 144.0 130.0 139.0 136.0 125.0 116.0 155.0 0.0 131.0 154.0 129.0 146.0 137.0 119.0 144.0 139.0 142.0 139.0 132.0 121.0
101.0 0.0 125.0 119.0 110.0 116.0 142.0 129.0 133.0 145.0 133.0 115.0 130.0 125.0 0.0 116.0 127.0 130.0 129.0 116.0 123.0 135.0 121.0 117.0 146.0 113.0 0.0 1498.0 0.0 0.0 0.0 0.0 0.0 0.0 0.0 0.0 0.0 0.0 0.0 125.0 0.0 125.0 128.0 111.0 122.0 120.0 135.0 108.0 142.0 117.0 124.0 141.0 144.0 0.0 109.0 134.0 126.0 125.0 118.0 99.0 149.0 144.0 113.0 122.0 115.0 136.0 0.0 104.0 115.0 120.0 128.0 127.0 121.0 113.0 117.0 137.0 143.0 137.0 131.0 0.0 152.0 106.0 122.0 124.0 122.0 126.0 124.0 118.0 112.0 138.0 123.0 124.0 0.0 125.0 143.0 119.0 117.0 135.0 117.0 143.0 117.0 122.0 98.0 138.0 119.0 0.0 133.0 137.0 147.0 115.0 130.0 114.0 114.0 120.0 140.0 102.0 127.0 133.0 0.0 136.0 106.0 124.0 130.0 116.0 135.0 128.0 124.0 133.0 124.0 109.0 126.0 0.0 135.0 119.0 127.0 125.0 132.0 144.0 131.0 113.0 114.0 112.0 120.0 109.0 0.0 117.0 128.0 141.0 125.0 123.0 131.0 107.0 113.0 139.0 148.0 117.0 125.0 0.0 121.0 136.0 121.0 142.0 117.0 124.0 113.0 124.0 121.0 126.0 128.0
124.0 142.0 0.0 119.0 134.0 141.0 153.0 137.0 127.0 138.0 152.0 126.0 141.0 142.0 144.0 0.0 128.0 134.0 131.0 126.0 144.0 141.0 130.0 135.0 133.0 146.0 0.0 0.0 1634.0 0.0 0.0 0.0 0.0 0.0 0.0 0.0 0.0 0.0 0.0 119.0 128.0 0.0 134.0 129.0 123.0 125.0 136.0 149.0 154.0 155.0 140.0 142.0 134.0 134.0 0.0 129.0 122.0 145.0 130.0 139.0 155.0 136.0 124.0 142.0 144.0 141.0 131.0 0.0 123.0 145.0 146.0 119.0 139.0 142.0 132.0 126.0 142.0 148.0 153.0 126.0 0.0 125.0 130.0 119.0 144.0 128.0 150.0 139.0 139.0 151.0 130.0 137.0 144.0 0.0 136.0 139.0 139.0 128.0 120.0 137.0 139.0 140.0 141.0 134.0 127.0 141.0 0.0 149.0 155.0 142.0 150.0 137.0 124.0 132.0 126.0 127.0 124.0 138.0 130.0 0.0 154.0 136.0 132.0 139.0 139.0 132.0 124.0 133.0 142.0 135.0 152.0 135.0 0.0 155.0 124.0 126.0 139.0 140.0 126.0 133.0 124.0 149.0 131.0 126.0 133.0 0.0 140.0 142.0 142.0 151.0 141.0 127.0 142.0 149.0 106.0 135.0 141.0 146.0 0.0 142.0 144.0 148.0 130.0 134.0 124.0 135.0 131.0 135.0 124.0
126.0 131.0 158.0 0.0 120.0 121.0 125.0 130.0 131.0 144.0 139.0 125.0 138.0 144.0 135.0 125.0 0.0 135.0 112.0 142.0 122.0 121.0 132.0 144.0 143.0 133.0 0.0 0.0 0.0 1588.0 0.0 0.0 0.0 0.0 0.0 0.0 0.0 0.0 0.0 140.0 129.0 104.0 0.0 138.0 137.0 135.0 130.0 136.0 157.0 113.0 125.0 144.0 131.0 127.0 136.0 0.0 127.0 141.0 143.0 141.0 134.0 124.0 123.0 140.0 121.0 128.0 137.0 149.0 0.0 147.0 103.0 130.0 140.0 144.0 118.0 123.0 133.0 136.0 130.0 120.0 136.0 0.0 142.0 136.0 111.0 137.0 128.0 123.0 138.0 155.0 132.0 122.0 138.0 131.0 0.0 127.0 147.0 136.0 129.0 121.0 149.0 136.0 137.0 115.0 140.0 123.0 128.0 0.0 138.0 137.0 138.0 158.0 123.0 131.0 131.0 120.0 121.0 147.0 145.0 128.0 0.0 112.0 127.0 131.0 126.0 136.0 118.0 146.0 131.0 141.0 123.0 137.0 130.0 0.0 137.0 121.0 144.0 122.0 151.0 109.0 132.0 133.0 149.0 114.0 138.0 142.0 0.0 129.0 161.0 117.0 126.0 139.0 136.0 121.0 139.0 126.0 143.0 128.0 121.0 0.0 136.0 145.0 136.0 127.0 124.0 147.0 142.0 107.0 132.0
114.0 122.0 154.0 133.0 0.0 120.0 149.0 143.0 117.0 135.0 108.0 113.0 135.0 151.0 130.0 109.0 119.0 0.0 132.0 116.0 115.0 135.0 110.0 149.0 139.0 138.0 0.0 0.0 0.0 0.0 1543.0 0.0 0.0 0.0 0.0 0.0 0.0 0.0 0.0 131.0 113.0 136.0 107.0 0.0 125.0 123.0 131.0 138.0 138.0 135.0 131.0 135.0 106.0 144.0 102.0 117.0 0.0 124.0 137.0 138.0 117.0 149.0 142.0 142.0 125.0 137.0 132.0 117.0 121.0 0.0 118.0 141.0 141.0 128.0 142.0 123.0 123.0 120.0 127.0 118.0 136.0 155.0 0.0 121.0 125.0 107.0 143.0 119.0 136.0 125.0 131.0 135.0 117.0 127.0 146.0 0.0 141.0 116.0 141.0 113.0 102.0 125.0 147.0 133.0 124.0 137.0 132.0 125.0 0.0 119.0 139.0 124.0 140.0 132.0 124.0 121.0 126.0 123.0 137.0 124.0 155.0 0.0 123.0 131.0 131.0 110.0 134.0 133.0 130.0 112.0 142.0 126.0 146.0 115.0 0.0 144.0 111.0 103.0 140.0 127.0 127.0 137.0 125.0 120.0 137.0 126.0 123.0 0.0 142.0 134.0 144.0 128.0 123.0 110.0 123.0 133.0 133.0 130.0 134.0 127.0 0.0 134.0 121.0 125.0 134.0 132.0 131.0 112.0 130.0
142.0 105.0 125.0 117.0 122.0 0.0 122.0 126.0 115.0 121.0 124.0 107.0 135.0 110.0 118.0 104.0 103.0 131.0 0.0 143.0 115.0 117.0 131.0 140.0 141.0 108.0 0.0 0.0 0.0 0.0 0.0 1461.0 0.0 0.0 0.0 0.0 0.0 0.0 0.0 111.0 112.0 149.0 136.0 134.0 0.0 126.0 111.0 120.0 124.0 108.0 117.0 113.0 123.0 126.0 117.0 121.0 112.0 0.0 114.0 126.0 130.0 108.0 125.0 123.0 136.0 116.0 115.0 136.0 132.0 134.0 0.0 105.0 129.0 124.0 108.0 102.0 139.0 121.0 115.0 125.0 120.0 135.0 114.0 0.0 134.0 113.0 131.0 114.0 113.0 122.0 125.0 111.0 132.0 109.0 118.0 132.0 0.0 124.0 145.0 115.0 106.0 117.0 113.0 139.0 123.0 143.0 112.0 124.0 116.0 0.0 113.0 114.0 130.0 151.0 111.0 105.0 119.0 140.0 114.0 118.0 128.0 103.0 0.0 136.0 113.0 116.0 125.0 129.0 116.0 123.0 112.0 137.0 125.0 96.0 117.0 0.0 108.0 121.0 119.0 129.0 124.0 140.0 133.0 122.0 132.0 120.0 120.0 124.0 0.0 110.0 136.0 126.0 126.0 137.0 113.0 95.0 136.0 102.0 126.0 131.0 122.0 0.0 126.0 112.0 118.0 118.0 131.0 125.0 114.0
126.0 134.0 132.0 126.0 120.0 103.0 0.0 133.0 146.0 136.0 129.0 122.0 148.0 132.0 125.0 152.0 130.0 148.0 136.0 0.0 110.0 130.0 130.0 130.0 126.0 106.0 0.0 0.0 0.0 0.0 0.0 0.0 1555.0 0.0 0.0 0.0 0.0 0.0 0.0 138.0 116.0 136.0 123.0 121.0 144.0 0.0 133.0 116.0 147.0 118.0 130.0 133.0 128.0 134.0 136.0 112.0 148.0 138.0 0.0 118.0 139.0 111.0 128.0 132.0 131.0 109.0 127.0 120.0 148.0 117.0 135.0 0.0 129.0 130.0 115.0 134.0 154.0 137.0 136.0 121.0 130.0 136.0 114.0 133.0 0.0 143.0 130.0 113.0 145.0 115.0 139.0 125.0 121.0 146.0 131.0 132.0 134.0 0.0 131.0 133.0 133.0 116.0 135.0 118.0 128.0 151.0 107.0 139.0 128.0 133.0 0.0 145.0 141.0 114.0 121.0 126.0 122.0 134.0 114.0 120.0 123.0 140.0 117.0 0.0 145.0 119.0 150.0 144.0 127.0 122.0 116.0 139.0 128.0 126.0 130.0 145.0 0.0 120.0 129.0 143.0 128.0 129.0 122.0 146.0 133.0 129.0 131.0 125.0 114.0 0.0 123.0 114.0 137.0 129.0 132.0 142.0 137.0 140.0 119.0 130.0 132.0 123.0 0.0 125.0 128.0 126.0 133.0 127.0 135.0
110.0 141.0 127.0 134.0 113.0 127.0 131.0 0.0 121.0 133.0 128.0 129.0 133.0 112.0 135.0 125.0 113.0 134.0 123.0 139.0 0.0 126.0 134.0 129.0 132.0 125.0 0.0 0.0 0.0 0.0 0.0 0.0 0.0 1527.0 0.0 0.0 0.0 0.0 0.0 132.0 112.0 131.0 133.0 131.0 123.0 128.0 0.0 141.0 128.0 117.0 120.0 131.0 134.0 135.0 127.0 121.0 122.0 118.0 124.0 0.0 144.0 114.0 129.0 113.0 146.0 117.0 124.0 109.0 134.0 123.0 116.0 139.0 0.0 140.0 127.0 143.0 130.0 125.0 115.0 120.0 146.0 123.0 123.0 130.0 138.0 0.0 128.0 129.0 108.0 137.0 130.0 134.0 125.0 130.0 113.0 127.0 136.0 117.0 0.0 141.0 137.0 125.0 137.0 105.0 129.0 119.0 124.0 143.0 149.0 127.0 107.0 0.0 110.0 134.0 128.0 144.0 113.0 124.0 112.0 133.0 144.0 138.0 140.0 110.0 0.0 115.0 113.0 134.0 124.0 140.0 140.0 145.0 118.0 122.0 114.0 122.0 139.0 0.0 134.0 127.0 115.0 132.0 119.0 133.0 144.0 131.0 116.0 112.0 134.0 120.0 0.0 110.0 136.0 151.0 106.0 134.0 147.0 115.0 126.0 131.0 141.0 131.0 135.0 0.0 117.0 115.0 120.0 123.0 126.0
126.0 108.0 130.0 112.0 133.0 127.0 109.0 121.0 0.0 120.0 120.0 126.0 121.0 108.0 128.0 133.0 122.0 111.0 118.0 133.0 120.0 0.0 124.0 121.0 122.0 113.0 0.0 0.0 0.0 0.0 0.0 0.0 0.0 0.0 1453.0 0.0 0.0 0.0 0.0 125.0 108.0 128.0 127.0 124.0 129.0 128.0 111.0 0.0 110.0 110.0 137.0 116.0 107.0 115.0 132.0 129.0 122.0 116.0 102.0 120.0 0.0 132.0 122.0 127.0 129.0 110.0 110.0 112.0 119.0 134.0 109.0 130.0 138.0 0.0 126.0 117.0 119.0 129.0 125.0 142.0 107.0 136.0 129.0 134.0 118.0 123.0 0.0 108.0 110.0 106.0 115.0 125.0 110.0 124.0 104.0 107.0 117.0 124.0 144.0 0.0 128.0 144.0 118.0 108.0 137.0 141.0 102.0 104.0 127.0 125.0 124.0 110.0 0.0 120.0 132.0 113.0 118.0 119.0 116.0 106.0 136.0 114.0 119.0 131.0 108.0 0.0 122.0 118.0 115.0 149.0 119.0 142.0 124.0 112.0 118.0 117.0 106.0 118.0 0.0 129.0 117.0 116.0 135.0 127.0 121.0 131.0 132.0 114.0 125.0 121.0 126.0 0.0 110.0 115.0 127.0 104.0 125.0 112.0 124.0 120.0 120.0 117.0 127.0 114.0 0.0 124.0 127.0 127.0 116.0
117.0 125.0 116.0 117.0 128.0 119.0 123.0 135.0 129.0 0.0 122.0 139.0 128.0 130.0 115.0 136.0 112.0 139.0 122.0 140.0 113.0 121.0 0.0 139.0 113.0 118.0 0.0 0.0 0.0 0.0 0.0 0.0 0.0 0.0 0.0 1498.0 0.0 0.0 0.0 116.0 130.0 128.0 127.0 119.0 138.0 147.0 111.0 116.0 0.0 125.0 122.0 119.0 130.0 125.0 124.0 132.0 130.0 119.0 105.0 137.0 129.0 0.0 126.0 123.0 118.0 118.0 129.0 118.0 123.0 122.0 124.0 127.0 120.0 138.0 0.0 123.0 129.0 127.0 142.0 134.0 120.0 125.0 128.0 126.0 108.0 119.0 133.0 0.0 106.0 128.0 129.0 125.0 105.0 133.0 122.0 113.0 128.0 125.0 139.0 132.0 0.0 128.0 125.0 123.0 114.0 117.0 106.0 122.0 135.0 113.0 142.0 127.0 138.0 0.0 135.0 119.0 130.0 120.0 122.0 154.0 136.0 120.0 121.0 109.0 121.0 128.0 0.0 122.0 120.0 125.0 128.0 139.0 123.0 134.0 117.0 125.0 122.0 130.0 107.0 0.0 129.0 131.0 113.0 114.0 114.0 129.0 144.0 131.0 129.0 130.0 122.0 112.0 0.0 113.0 123.0 137.0 144.0 143.0 111.0 104.0 116.0 134.0 120.0 124.0 115.0 0.0 130.0 126.0 131.0
125.0 125.0 124.0 104.0 119.0 132.0 110.0 98.0 147.0 131.0 0.0 151.0 150.0 117.0 122.0 135.0 136.0 116.0 133.0 122.0 124.0 131.0 116.0 0.0 125.0 139.0 0.0 0.0 0.0 0.0 0.0 0.0 0.0 0.0 0.0 0.0 1516.0 0.0 0.0 112.0 126.0 130.0 127.0 141.0 124.0 131.0 118.0 121.0 140.0 0.0 136.0 110.0 119.0 123.0 146.0 138.0 129.0 119.0 116.0 124.0 143.0 121.0 0.0 109.0 129.0 134.0 114.0 125.0 109.0 130.0 128.0 140.0 125.0 127.0 118.0 0.0 120.0 146.0 136.0 134.0 128.0 126.0 114.0 142.0 125.0 128.0 123.0 117.0 0.0 114.0 129.0 136.0 134.0 118.0 114.0 117.0 116.0 126.0 145.0 122.0 127.0 0.0 141.0 120.0 125.0 130.0 124.0 131.0 131.0 136.0 130.0 130.0 107.0 125.0 0.0 125.0 122.0 138.0 133.0 123.0 146.0 127.0 121.0 122.0 124.0 120.0 115.0 0.0 125.0 122.0 131.0 120.0 126.0 124.0 127.0 111.0 124.0 153.0 127.0 143.0 0.0 107.0 123.0 124.0 120.0 110.0 138.0 123.0 123.0 127.0 118.0 140.0 129.0 0.0 146.0 118.0 119.0 135.0 127.0 123.0 142.0 131.0 143.0 129.0 108.0 134.0 0.0 117.0 108.0
124.0 130.0 144.0 123.0 139.0 141.0 135.0 127.0 129.0 122.0 141.0 0.0 120.0 135.0 134.0 117.0 122.0 129.0 124.0 119.0 143.0 137.0 120.0 144.0 0.0 151.0 0.0 0.0 0.0 0.0 0.0 0.0 0.0 0.0 0.0 0.0 0.0 1575.0 0.0 124.0 132.0 142.0 134.0 124.0 141.0 140.0 112.0 127.0 122.0 141.0 0.0 136.0 137.0 130.0 126.0 115.0 114.0 130.0 138.0 147.0 143.0 133.0 114.0 0.0 148.0 134.0 128.0 120.0 138.0 124.0 123.0 130.0 147.0 133.0 153.0 117.0 0.0 128.0 116.0 144.0 129.0 132.0 125.0 137.0 142.0 146.0 121.0 132.0 121.0 0.0 130.0 121.0 129.0 131.0 136.0 144.0 139.0 116.0 139.0 121.0 148.0 121.0 0.0 130.0 125.0 124.0 131.0 139.0 138.0 136.0 126.0 131.0 141.0 114.0 139.0 0.0 131.0 142.0 109.0 129.0 147.0 134.0 145.0 117.0 114.0 127.0 156.0 135.0 0.0 120.0 146.0 138.0 110.0 136.0 132.0 111.0 145.0 131.0 109.0 141.0 121.0 0.0 155.0 133.0 146.0 158.0 125.0 143.0 136.0 128.0 119.0 130.0 116.0 142.0 0.0 99.0 138.0 131.0 138.0 128.0 129.0 112.0 139.0 119.0 157.0 118.0 139.0 0.0 127.0
137.0 119.0 154.0 132.0 146.0 125.0 117.0 118.0 109.0 121.0 124.0 117.0 0.0 134.0 124.0 121.0 116.0 121.0 105.0 132.0 148.0 140.0 115.0 144.0 119.0 0.0 0.0 0.0 0.0 0.0 0.0 0.0 0.0 0.0 0.0 0.0 0.0 0.0 1519.0 121.0 140.0 121.0 109.0 115.0 120.0 137.0 142.0 140.0 129.0 122.0 123.0 0.0 123.0 125.0 134.0 123.0 127.0 140.0 128.0 109.0 136.0 122.0 124.0 128.0 0.0 116.0 125.0 126.0 156.0 108.0 135.0 137.0 117.0 118.0 136.0 116.0 129.0 0.0 132.0 151.0 119.0 145.0 127.0 110.0 118.0 100.0 120.0 136.0 146.0 115.0 0.0 126.0 118.0 126.0 113.0 121.0 131.0 113.0 148.0 128.0 131.0 140.0 124.0 0.0 128.0 124.0 124.0 106.0 155.0 137.0 133.0 122.0 132.0 113.0 114.0 131.0 0.0 124.0 117.0 111.0 125.0 136.0 126.0 109.0 146.0 153.0 113.0 129.0 130.0 0.0 121.0 133.0 127.0 120.0 115.0 128.0 119.0 124.0 135.0 151.0 118.0 128.0 0.0 128.0 129.0 138.0 129.0 121.0 129.0 142.0 120.0 103.0 120.0 123.0 137.0 0.0 129.0 114.0 118.0 145.0 127.0 133.0 134.0 125.0 105.0 132.0 119.0 138.0 0.0
