20
1 1 4 8 12 16 20 24 28 32 36 40 44 48 52 56 60 64 68 72
1 1 1 4 8 12 16 20 24 28 32 36 40 44 48 52 56 60 64 68
4 1 1 1 4 8 12 16 20 24 28 32 36 40 44 48 52 56 60 64
8 4 1 1 1 4 8 12 16 20 24 28 32 36 40 44 48 52 56 60
12 8 4 1 1 1 4 8 12 16 20 24 28 32 36 40 44 48 52 56
16 12 8 4 1 1 1 4 8 12 16 20 24 28 32 36 40 44 48 52
20 16 12 8 4 1 1 1 4 8 12 16 20 24 28 32 36 40 44 48
24 20 16 12 8 4 1 1 1 4 8 12 16 20 24 28 32 36 40 44
28 24 20 16 12 8 4 1 1 1 4 8 12 16 20 24 28 32 36 40
32 28 24 20 16 12 8 4 1 1 1 4 8 12 16 20 24 28 32 36
36 32 28 24 20 16 12 8 4 1 1 1 4 8 12 16 20 24 28 32
40 36 32 28 24 20 16 12 8 4 1 1 1 4 8 12 16 20 24 28
44 40 36 32 28 24 20 16 12 8 4 1 1 1 4 8 12 16 20 24
48 44 40 36 32 28 24 20 16 12 8 4 1 1 1 4 8 12 16 20
52 48 44 40 36 32 28 24 20 16 12 8 4 1 1 1 4 8 12 16
56 52 48 44 40 36 32 28 24 20 16 12 8 4 1 1 1 4 8 12
60 56 52 48 44 40 36 32 28 24 20 16 12 8 4 1 1 1 4 8
64 60 56 52 48 44 40 36 32 28 24 20 16 12 8 4 1 1 1 4
68 64 60 56 52 48 44 40 36 32 28 24 20 16 12 8 4 1 1 1
72 68 64 60 56 52 48 44 40 36 32 28 24 20 16 12 8 4 1 1
256.5 258.0 259.5 261.0 262.5 264.0 265.5 267.0 268.5 270.0 271.5 273.0 274.5 276.0 277.5 279.0 280.5 282.0 283.5 285.0
258.0 259.3421052631579 260.6842105263158 262.02631578947364 263.36842105263156 264.7105263157895 266.0526315789474 267.39473684210526 268.7368421052632 270.07894736842104 271.42105263157896 272.7631578947368 274.10526315789474 275.4473684210526 276.7894736842105 278.13157894736844 279.47368421052636 280.8157894736842 282.1578947368421 283.5
259.5 260.6842105263158 261.86842105263156 263.0526315789474 264.2368421052632 265.42105263157896 266.60526315789474 267.7894736842105 268.97368421052636 270.1578947368421 271.3421052631579 272.52631578947364 273.7105263157895 274.89473684210526 276.07894736842104 277.2631578947368 278.4473684210526 279.63157894736844 280.8157894736842 282.0
261.0 262.02631578947364 263.0526315789474 264.07894736842104 265.10526315789474 266.13157894736844 267.1578947368421 268.1842105263158 269.2105263157895 270.2368421052632 271.2631578947368 272.2894736842105 273.3157894736842 274.3421052631579 275.36842105263156 276.39473684210526 277.42105263157896 278.4473684210526 279.47368421052636 280.5
262.5 263.36842105263156 264.2368421052632 265.10526315789474 265.97368421052636 266.8421052631579 267.7105263157895 268.57894736842104 269.4473684210526 270.3157894736842 271.1842105263158 272.0526315789474 272.92105263157896 273.7894736842105 274.6578947368421 275.52631578947364 276.39473684210526 277.2631578947368 278.13157894736844 279.0
264.0 264.7105263157895 265.42105263157896 266.13157894736844 266.8421052631579 267.5526315789474 268.2631578947368 268.97368421052636 269.6842105263158 270.39473684210526 271.10526315789474 271.8157894736842 272.52631578947364 273.2368421052632 273.9473684210526 274.6578947368421 275.36842105263156 276.07894736842104 276.7894736842105 277.5
265.5 266.0526315789474 266.60526315789474 267.1578947368421 267.7105263157895 268.2631578947368 268.8157894736842 269.36842105263156 269.92105263157896 270.47368421052636 271.02631578947364 271.57894736842104 272.13157894736844 272.6842105263158 273.2368421052632 273.7894736842105 274.3421052631579 274.89473684210526 275.4473684210526 276.0
267.0 267.39473684210526 267.7894736842105 268.1842105263158 268.57894736842104 268.97368421052636 269.36842105263156 269.7631578947368 270.1578947368421 270.5526315789474 270.9473684210526 271.3421052631579 271.7368421052632 272.13157894736844 272.52631578947364 272.92105263157896 273.3157894736842 273.7105263157895 274.10526315789474 274.5
268.5 268.7368421052632 268.97368421052636 269.2105263157895 269.4473684210526 269.6842105263158 269.92105263157896 270.1578947368421 270.39473684210526 270.63157894736844 270.86842105263156 271.10526315789474 271.3421052631579 271.57894736842104 271.8157894736842 272.0526315789474 272.2894736842105 272.52631578947364 272.7631578947368 273.0
270.0 270.07894736842104 270.1578947368421 270.2368421052632 270.3157894736842 270.39473684210526 270.47368421052636 270.5526315789474 270.63157894736844 270.7105263157895 270.7894736842105 270.86842105263156 270.9473684210526 271.02631578947364 271.10526315789474 271.1842105263158 271.2631578947368 271.3421052631579 271.42105263157896 271.5
271.5 271.42105263157896 271.3421052631579 271.2631578947368 271.1842105263158 271.10526315789474 271.02631578947364 270.9473684210526 270.86842105263156 270.7894736842105 270.7105263157895 270.63157894736844 270.5526315789474 270.47368421052636 270.39473684210526 270.3157894736842 270.2368421052632 270.1578947368421 270.07894736842104 270.0
273.0 272.7631578947368 272.52631578947364 272.2894736842105 272.0526315789474 271.8157894736842 271.57894736842104 271.3421052631579 271.10526315789474 270.86842105263156 270.63157894736844 270.39473684210526 270.1578947368421 269.92105263157896 269.6842105263158 269.4473684210526 269.2105263157895 268.97368421052636 268.7368421052632 268.5
274.5 274.10526315789474 273.7105263157895 273.3157894736842 272.92105263157896 272.52631578947364 272.13157894736844 271.7368421052632 271.3421052631579 270.9473684210526 270.5526315789474 270.1578947368421 269.7631578947368 269.36842105263156 268.97368421052636 268.57894736842104 268.1842105263158 267.7894736842105 267.39473684210526 267.0
276.0 275.4473684210526 274.89473684210526 274.3421052631579 273.7894736842105 273.2368421052632 272.6842105263158 272.13157894736844 271.57894736842104 271.02631578947364 270.47368421052636 269.92105263157896 269.36842105263156 268.8157894736842 268.2631578947368 267.7105263157895 267.1578947368421 266.60526315789474 266.0526315789474 265.5
277.5 276.7894736842105 276.07894736842104 275.36842105263156 274.6578947368421 273.9473684210526 273.2368421052632 272.52631578947364 271.8157894736842 271.10526315789474 270.39473684210526 269.6842105263158 268.97368421052636 268.2631578947368 267.5526315789474 266.8421052631579 266.13157894736844 265.42105263157896 264.7105263157895 264.0
279.0 278.13157894736844 277.2631578947368 276.39473684210526 275.52631578947364 274.6578947368421 273.7894736842105 272.92105263157896 272.0526315789474 271.1842105263158 270.3157894736842 269.4473684210526 268.57894736842104 267.7105263157895 266.8421052631579 265.97368421052636 265.10526315789474 264.2368421052632 263.36842105263156 262.5
280.5 279.47368421052636 278.4473684210526 277.42105263157896 276.39473684210526 275.36842105263156 274.3421052631579 273.3157894736842 272.2894736842105 271.2631578947368 270.2368421052632 269.2105263157895 268.1842105263158 267.1578947368421 266.13157894736844 265.10526315789474 264.07894736842104 263.0526315789474 262.02631578947364 261.0
282.0 280.8157894736842 279.63157894736844 278.4473684210526 277.2631578947368 276.07894736842104 274.89473684210526 273.7105263157895 272.52631578947364 271.3421052631579 270.1578947368421 268.97368421052636 267.7894736842105 266.60526315789474 265.42105263157896 264.2368421052632 263.0526315789474 261.86842105263156 260.6842105263158 259.5
283.5 282.1578947368421 280.8157894736842 279.47368421052636 278.13157894736844 276.7894736842105 275.4473684210526 274.10526315789474 272.7631578947368 271.42105263157896 270.07894736842104 268.7368421052632 267.39473684210526 266.0526315789474 264.7105263157895 263.36842105263156 262.02631578947364 260.6842105263158 259.3421052631579 258.0
285.0 283.5 282.0 280.5 279.0 277.5 276.0 274.5 273.0 271.5 270.0 268.5 267.0 265.5 264.0 262.5 261.0 259.5 258.0 256.5
