196 20000
85980.0 96615.0 95412.0 96804.0 99492.0 101109.0 103149.0 102003.0 104007.0 107265.0 105822.0 108705.0 113706.0 113211.0 96615.0 88506.0 94770.0 96909.0 96939.0 97650.0 100440.0 101031.0 107433.0 107619.0 112233.0 107196.0 115572.0 110367.0 95412.0 94770.0 90978.0 95040.0 102321.0 102153.0 101769.0 108396.0 106401.0 104175.0 106254.0 108735.0 105429.0 111447.0 96804.0 96909.0 95040.0 91146.0 102279.0 102213.0 102717.0 100233.0 106473.0 102414.0 109161.0 110211.0 112968.0 104712.0 99492.0 96939.0 102321.0 102279.0 95940.0 103509.0 103683.0 106098.0 104853.0 100347.0 102270.0 104922.0 105351.0 105276.0 101109.0 97650.0 102153.0 102213.0 103509.0 101202.0 100941.0 99540.0 110037.0 102447.0 103194.0 101142.0 103260.0 104883.0 103149.0 100440.0 101769.0 102717.0 103683.0 100941.0 99690.0 99816.0 103212.0 104916.0 99243.0 103548.0 107703.0 102453.0 102003.0 101031.0 108396.0 100233.0 106098.0 99540.0 99816.0 104676.0 101286.0 101988.0 103887.0 98229.0 101364.0 104733.0 104007.0 107433.0 106401.0 106473.0 104853.0 110037.0 103212.0 101286.0 96726.0 95007.0 99072.0 102114.0 97548.0 99111.0 107265.0 107619.0 104175.0 102414.0 100347.0 102447.0 104916.0 101988.0 95007.0 104064.0 103566.0 102237.0 99900.0 97335.0 105822.0 112233.0 106254.0 109161.0 102270.0 103194.0 99243.0 103887.0 99072.0 103566.0 94818.0 99420.0 93315.0 101025.0 108705.0 107196.0 108735.0 110211.0 104922.0 101142.0 103548.0 98229.0 102114.0 102237.0 99420.0 98838.0 93405.0 94578.0 113706.0 115572.0 105429.0 112968.0 105351.0 103260.0 107703.0 101364.0 97548.0 99900.0 93315.0 93405.0 90108.0 93651.0 113211.0 110367.0 111447.0 104712.0 105276.0 104883.0 102453.0 104733.0 99111.0 97335.0 101025.0 94578.0 93651.0 90498.0
1362.0 0.0 0.0 0.0 0.0 0.0 0.0 0.0 0.0 0.0 0.0 0.0 0.0 0.0 0.0 112.0 106.0 116.0 104.0 86.0 101.0 89.0 107.0 105.0 109.0 105.0 103.0 119.0 0.0 106.0 84.0 115.0 108.0 111.0 89.0 103.0 112.0 115.0 104.0 122.0 96.0 97.0 0.0 116.0 115.0 104.0 115.0 109.0 89.0 113.0 96.0 122.0 92.0 95.0 100.0 96.0 0.0 104.0 108.0 115.0 94.0 105.0 101.0 111.0 108.0 80.0 109.0 97.0 129.0 101.0 0.0 86.0 111.0 109.0 105.0 116.0 119.0 103.0 100.0 103.0 109.0 99.0 102.0 100.0 0.0 101.0 89.0 89.0 101.0 119.0 120.0 116.0 109.0 98.0 100.0 92.0 124.0 104.0 0.0 89.0 103.0 113.0 111.0 103.0 116.0 128.0 94.0 90.0 87.0 100.0 112.0 116.0 0.0 107.0 112.0 96.0 108.0 100.0 109.0 94.0 106.0 104.0 102.0 115.0 104.0 105.0 0.0 105.0 115.0 122.0 80.0 103.0 98.0 90.0 104.0 130.0 98.0 117.0 109.0 91.0 0.0 109.0 104.0 92.0 109.0 109.0 100.0 87.0 102.0 98.0 114.0 107.0 106.0 125.0 0.0 105.0 122.0 95.0 97.0 99.0 92.0 100.0 115.0 117.0 107.0 98.0 96.0 119.0 0.0 103.0 96.0 100.0 129.0 102.0 124.0 112.0 104.0 109.0 106.0 96.0 92.0 89.0 0.0 119.0 97.0 96.0 101.0 100.0 104.0 116.0 105.0 91.0 125.0 119.0 89.0 100.0
0.0 1480.0 0.0 0.0 0.0 0.0 0.0 0.0 0.0 0.0 0.0 0.0 0.0 0.0 114.0 0.0 124.0 106.0 131.0 124.0 107.0 110.0 129.0 115.0 113.0 108.0 97.0 102.0 119.0 0.0 104.0 98.0 122.0 135.0 93.0 129.0 125.0 107.0 112.0 110.0 113.0 113.0 104.0 0.0 99.0 109.0 106.0 114.0 120.0 122.0 104.0 104.0 131.0 107.0 142.0 118.0 109.0 0.0 121.0 112.0 101.0 102.0 124.0 111.0 128.0 120.0 103.0 118.0 117.0 114.0 125.0 0.0 122.0 132.0 128.0 117.0 117.0 98.0 106.0 109.0 106.0 117.0 100.0 103.0 111.0 0.0 105.0 93.0 118.0 104.0 123.0 118.0 131.0 115.0 99.0 117.0 127.0 119.0 104.0 0.0 114.0 110.0 110.0 127.0 127.0 118.0 108.0 102.0 135.0 117.0 101.0 107.0 123.0 0.0 113.0 110.0 108.0 119.0 130.0 111.0 108.0 106.0 98.0 119.0 107.0 128.0 126.0 0.0 113.0 105.0 125.0 115.0 112.0 114.0 112.0 109.0 117.0 108.0 121.0 103.0 111.0 0.0 92.0 117.0 107.0 111.0 114.0 111.0 112.0 128.0 112.0 121.0 122.0 122.0 114.0 0.0 121.0 141.0 102.0 98.0 107.0 108.0 98.0 130.0 124.0 114.0 116.0 107.0 96.0 0.0 124.0 144.0 113.0 112.0 102.0 112.0 110.0 116.0 109.0 105.0 109.0 128.0 124.0 0.0 128.0 103.0 109.0 102.0 104.0 118.0 109.0 119.0 121.0 119.0 108.0 116.0
0.0 0.0 1452.0 0.0 0.0 0.0 0.0 0.0 0.0 0.0 0.0 0.0 0.0 0.0 119.0 102.0 0.0 124.0 96.0 118.0 96.0 119.0 116.0 119.0 99.0 105.0 116.0 123.0 104.0 127.0 0.0 113.0 119.0 105.0 130.0 107.0 113.0 123.0 92.0 105.0 114.0 100.0 122.0 105.0 0.0 94.0 123.0 110.0 97.0 115.0 104.0 96.0 106.0 145.0 120.0 115.0 130.0 115.0 0.0 114.0 117.0 132.0 104.0 115.0 117.0 86.0 125.0 99.0 93.0 105.0 120.0 115.0 0.0 124.0 117.0 116.0 100.0 104.0 118.0 106.0 100.0 110.0 122.0 100.0 95.0 109.0 0.0 100.0 106.0 105.0 125.0 105.0 119.0 122.0 115.0 121.0 114.0 116.0 104.0 111.0 0.0 117.0 111.0 103.0 114.0 102.0 104.0 120.0 120.0 118.0 113.0 115.0 76.0 118.0 0.0 114.0 125.0 108.0 126.0 121.0 110.0 115.0 111.0 98.0 108.0 122.0 128.0 105.0 0.0 96.0 113.0 110.0 111.0 127.0 84.0 110.0 120.0 129.0 112.0 107.0 96.0 102.0 0.0 123.0 100.0 123.0 121.0 109.0 146.0 137.0 110.0 101.0 84.0 100.0 113.0 120.0 0.0 111.0 107.0 110.0 103.0 104.0 117.0 108.0 117.0 122.0 113.0 107.0 123.0 108.0 0.0 125.0 108.0 100.0 110.0 118.0 88.0 105.0 123.0 98.0 116.0 130.0 122.0 115.0 0.0 97.0 110.0 112.0 115.0 106.0 116.0 105.0 114.0 101.0 127.0 112.0
0.0 0.0 0.0 1422.0 0.0 0.0 0.0 0.0 0.0 0.0 0.0 0.0 0.0 0.0 104.0 114.0 115.0 0.0 119.0 100.0 110.0 113.0 120.0 103.0 114.0 100.0 117.0 93.0 122.0 113.0 112.0 0.0 106.0 112.0 99.0 109.0 105.0 105.0 95.0 120.0 98.0 126.0 100.0 105.0 109.0 0.0 107.0 109.0 107.0 102.0 127.0 90.0 116.0 115.0 125.0 110.0 114.0 96.0 101.0 0.0 104.0 103.0 114.0 125.0 90.0 124.0 113.0 115.0 113.0 110.0 112.0 99.0 126.0 0.0 118.0 91.0 119.0 105.0 112.0 119.0 103.0 99.0 104.0 115.0 109.0 108.0 109.0 0.0 100.0 97.0 102.0 118.0 111.0 113.0 118.0 120.0 110.0 107.0 105.0 105.0 114.0 0.0 125.0 118.0 112.0 111.0 103.0 117.0 106.0 109.0 96.0 101.0 120.0 114.0 100.0 0.0 110.0 131.0 121.0 98.0 101.0 99.0 112.0 111.0 96.0 109.0 119.0 114.0 89.0 0.0 96.0 108.0 115.0 122.0 106.0 122.0 104.0 106.0 103.0 118.0 101.0 112.0 121.0 0.0 109.0 120.0 106.0 112.0 102.0 105.0 103.0 103.0 118.0 110.0 100.0 106.0 94.0 0.0 99.0 114.0 104.0 106.0 127.0 123.0 107.0 122.0 107.0 113.0 102.0 117.0 112.0 0.0 116.0 107.0 111.0 106.0 105.0 102.0 120.0 89.0 127.0 108.0 114.0 119.0 120.0 0.0 113.0 112.0 102.0 95.0 113.0 100.0 111.0 113.0 108.0 102.0
0.0 0.0 0.0 0.0 1453.0 0.0 0.0 0.0 0.0 0.0 0.0 0.0 0.0 0.0 109.0 114.0 96.0 109.0 0.0 104.0 106.0 114.0 122.0 122.0 107.0 121.0 125.0 104.0 130.0 110.0 101.0 111.0 0.0 118.0 118.0 112.0 101.0 98.0 115.0 124.0 106.0 109.0 114.0 107.0 120.0 101.0 0.0 128.0 138.0 108.0 95.0 110.0 110.0 110.0 102.0 110.0 100.0 98.0 120.0 108.0 0.0 115.0 126.0 127.0 117.0 125.0 113.0 108.0 89.0 107.0 109.0 106.0 100.0 107.0 0.0 121.0 105.0 123.0 124.0 126.0 102.0 106.0 124.0 100.0 107.0 109.0 111.0 107.0 0.0 105.0 114.0 109.0 124.0 113.0 97.0 110.0 129.0 118.0 101.0 121.0 116.0 114.0 0.0 128.0 102.0 119.0 93.0 98.0 125.0 105.0 106.0 125.0 113.0 123.0 134.0 118.0 0.0 105.0 111.0 107.0 123.0 106.0 120.0 103.0 104.0 86.0 113.0 119.0 114.0 111.0 0.0 122.0 112.0 120.0 102.0 104.0 115.0 108.0 105.0 108.0 108.0 125.0 97.0 100.0 0.0 119.0 98.0 102.0 117.0 107.0 109.0 128.0 128.0 115.0 112.0 105.0 124.0 129.0 0.0 102.0 97.0 104.0 117.0 128.0 124.0 102.0 100.0 109.0 120.0 119.0 119.0 115.0 0.0 85.0 124.0 91.0 109.0 114.0 108.0 105.0 111.0 133.0 117.0 97.0 101.0 123.0 0.0 101.0 102.0 117.0 109.0 102.0 108.0 123.0 124.0 129.0
0.0 0.0 0.0 0.0 0.0 1441.0 0.0 0.0 0.0 0.0 0.0 0.0 0.0 0.0 125.0 105.0 103.0 109.0 83.0 0.0 115.0 119.0 118.0 102.0 139.0 100.0 118.0 105.0 120.0 104.0 121.0 95.0 121.0 0.0 112.0 122.0 116.0 96.0 92.0 102.0 115.0 125.0 112.0 115.0 99.0 110.0 108.0 0.0 103.0 100.0 134.0 93.0 114.0 133.0 113.0 107.0 109.0 107.0 126.0 118.0 106.0 0.0 105.0 109.0 121.0 128.0 95.0 101.0 101.0 115.0 120.0 103.0 108.0 136.0 107.0 0.0 105.0 106.0 103.0 118.0 114.0 110.0 96.0 115.0 105.0 118.0 116.0 119.0 113.0 0.0 115.0 86.0 110.0 112.0 107.0 107.0 130.0 103.0 117.0 133.0 101.0 113.0 129.0 0.0 89.0 111.0 96.0 115.0 88.0 109.0 114.0 126.0 105.0 108.0 122.0 124.0 122.0 0.0 119.0 115.0 100.0 102.0 100.0 112.0 110.0 102.0 120.0 106.0 107.0 96.0 121.0 0.0 111.0 108.0 105.0 111.0 129.0 112.0 107.0 108.0 97.0 110.0 107.0 121.0 91.0 0.0 107.0 124.0 110.0 119.0 121.0 104.0 119.0 111.0 111.0 113.0 106.0 102.0 125.0 0.0 130.0 93.0 109.0 127.0 101.0 113.0 107.0 104.0 105.0 107.0 107.0 109.0 100.0 0.0 118.0 109.0 112.0 103.0 118.0 117.0 116.0 120.0 95.0 112.0 118.0 89.0 115.0 0.0 112.0 139.0 107.0 115.0 123.0 121.0 95.0 100.0
0.0 0.0 0.0 0.0 0.0 0.0 1447.0 0.0 0.0 0.0 0.0 0.0 0.0 0.0 111.0 109.0 102.0 122.0 112.0 118.0 0.0 107.0 110.0 111.0 99.0 104.0 131.0 111.0 95.0 101.0 104.0 116.0 133.0 102.0 0.0 114.0 124.0 111.0 117.0 111.0 104.0 115.0 109.0 122.0 111.0 102.0 124.0 118.0 0.0 104.0 103.0 118.0 113.0 127.0 103.0 93.0 107.0 119.0 109.0 91.0 114.0 122.0 0.0 116.0 116.0 109.0 98.0 119.0 111.0 116.0 105.0 121.0 112.0 101.0 120.0 121.0 0.0 123.0 112.0 108.0 118.0 114.0 82.0 110.0 108.0 118.0 114.0 114.0 118.0 96.0 0.0 102.0 96.0 118.0 120.0 118.0 117.0 108.0 129.0 100.0 102.0 120.0 103.0 112.0 0.0 110.0 125.0 103.0 115.0 100.0 126.0 102.0 98.0 114.0 121.0 115.0 85.0 122.0 0.0 107.0 103.0 102.0 120.0 112.0 128.0 120.0 123.0 112.0 98.0 114.0 106.0 102.0 0.0 117.0 120.0 126.0 105.0 109.0 119.0 96.0 111.0 111.0 124.0 124.0 110.0 106.0 0.0 103.0 112.0 104.0 101.0 111.0 103.0 127.0 112.0 103.0 112.0 106.0 104.0 109.0 0.0 129.0 116.0 115.0 106.0 116.0 101.0 118.0 111.0 118.0 111.0 114.0 115.0 103.0 0.0 109.0 114.0 104.0 111.0 105.0 122.0 110.0 128.0 99.0 127.0 108.0 103.0 116.0 0.0 106.0 96.0 118.0 124.0 101.0 100.0 121.0
0.0 0.0 0.0 0.0 0.0 0.0 0.0 1412.0 0.0 0.0 0.0 0.0 0.0 0.0 104.0 119.0 95.0 114.0 103.0 115.0 97.0 0.0 102.0 120.0 128.0 110.0 90.0 115.0 104.0 112.0 97.0 114.0 132.0 108.0 97.0 0.0 109.0 98.0 131.0 105.0 110.0 95.0 105.0 131.0 110.0 110.0 99.0 106.0 118.0 0.0 120.0 105.0 109.0 98.0 97.0 104.0 101.0 90.0 106.0 128.0 103.0 116.0 108.0 0.0 123.0 99.0 118.0 109.0 108.0 103.0 117.0 117.0 104.0 109.0 99.0 102.0 98.0 0.0 119.0 110.0 93.0 100.0 126.0 118.0 129.0 97.0 108.0 110.0 106.0 114.0 100.0 0.0 98.0 121.0 98.0 111.0 114.0 106.0 102.0 109.0 127.0 96.0 124.0 102.0 107.0 0.0 123.0 116.0 97.0 106.0 100.0 103.0 107.0 107.0 112.0 114.0 115.0 96.0 109.0 0.0 95.0 99.0 113.0 98.0 117.0 130.0 119.0 111.0 105.0 113.0 105.0 92.0 106.0 0.0 102.0 105.0 106.0 122.0 117.0 109.0 103.0 118.0 111.0 91.0 107.0 102.0 110.0 0.0 107.0 115.0 116.0 109.0 104.0 119.0 108.0 103.0 99.0 104.0 105.0 109.0 110.0 0.0 105.0 113.0 99.0 121.0 118.0 118.0 104.0 95.0 102.0 114.0 104.0 122.0 153.0 0.0 120.0 114.0 109.0 99.0 99.0 77.0 109.0 103.0 136.0 95.0 110.0 128.0 99.0 0.0 89.0 97.0 95.0 124.0 112.0 115.0
0.0 0.0 0.0 0.0 0.0 0.0 0.0 0.0 1411.0 0.0 0.0 0.0 0.0 0.0 123.0 102.0 97.0 111.0 102.0 108.0 114.0 110.0 0.0 109.0 110.0 95.0 126.0 104.0 76.0 100.0 124.0 102.0 102.0 110.0 108.0 127.0 0.0 132.0 112.0 106.0 104.0 108.0 120.0 120.0 98.0 124.0 103.0 101.0 91.0 111.0 0.0 112.0 103.0 112.0 114.0 102.0 113.0 107.0 113.0 108.0 117.0 116.0 108.0 112.0 0.0 105.0 108.0 101.0 105.0 98.0 105.0 112.0 101.0 112.0 121.0 117.0 105.0 89.0 0.0 105.0 114.0 114.0 110.0 106.0 98.0 101.0 112.0 104.0 135.0 99.0 107.0 107.0 0.0 108.0 113.0 106.0 123.0 98.0 107.0 117.0 126.0 116.0 118.0 101.0 96.0 102.0 0.0 104.0 106.0 104.0 108.0 106.0 100.0 100.0 117.0 99.0 108.0 126.0 118.0 97.0 0.0 95.0 100.0 122.0 125.0 104.0 104.0 122.0 107.0 98.0 104.0 117.0 100.0 107.0 0.0 102.0 115.0 108.0 109.0 118.0 113.0 115.0 107.0 101.0 106.0 101.0 104.0 102.0 0.0 118.0 109.0 117.0 97.0 121.0 121.0 102.0 116.0 126.0 97.0 102.0 106.0 118.0 0.0 89.0 112.0 128.0 91.0 103.0 118.0 120.0 93.0 104.0 88.0 105.0 133.0 99.0 0.0 112.0 113.0 107.0 95.0 124.0 113.0 93.0 100.0 106.0 110.0 108.0 121.0 130.0 0.0 120.0 96.0 91.0 104.0 119.0
0.0 0.0 0.0 0.0 0.0 0.0 0.0 0.0 0.0 1442.0 0.0 0.0 0.0 0.0 126.0 94.0 116.0 108.0 120.0 112.0 104.0 108.0 105.0 0.0 109.0 113.0 116.0 111.0 128.0 115.0 95.0 106.0 111.0 109.0 106.0 112.0 116.0 0.0 117.0 116.0 88.0 123.0 119.0 99.0 108.0 118.0 120.0 125.0 115.0 93.0 109.0 0.0 112.0 104.0 115.0 105.0 113.0 126.0 121.0 109.0 98.0 98.0 122.0 120.0 102.0 0.0 109.0 112.0 101.0 111.0 120.0 119.0 108.0 101.0 105.0 90.0 115.0 111.0 125.0 0.0 110.0 114.0 111.0 113.0 123.0 96.0 108.0 116.0 128.0 111.0 96.0 100.0 137.0 0.0 101.0 101.0 109.0 116.0 119.0 111.0 110.0 112.0 87.0 103.0 115.0 120.0 121.0 0.0 125.0 97.0 117.0 105.0 104.0 110.0 108.0 114.0 116.0 136.0 104.0 103.0 87.0 0.0 99.0 122.0 118.0 121.0 108.0 125.0 118.0 93.0 95.0 111.0 114.0 101.0 107.0 0.0 136.0 116.0 108.0 110.0 108.0 102.0 119.0 99.0 121.0 114.0 105.0 136.0 92.0 0.0 116.0 106.0 115.0 109.0 88.0 108.0 106.0 118.0 124.0 121.0 124.0 112.0 108.0 0.0 108.0 112.0 107.0 106.0 85.0 125.0 124.0 123.0 114.0 94.0 109.0 117.0 110.0 0.0 84.0 129.0 120.0 108.0 101.0 112.0 101.0 125.0 103.0 118.0 113.0 109.0 123.0 0.0 116.0 100.0 117.0 104.0
0.0 0.0 0.0 0.0 0.0 0.0 0.0 0.0 0.0 0.0 1383.0 0.0 0.0 0.0 111.0 95.0 101.0 124.0 84.0 102.0 115.0 107.0 99.0 109.0 0.0 116.0 115.0 105.0 96.0 96.0 108.0 95.0 103.0 94.0 95.0 127.0 119.0 109.0 0.0 104.0 127.0 110.0 101.0 108.0 114.0 113.0 105.0 114.0 107.0 112.0 99.0 118.0 0.0 104.0 99.0 89.0 108.0 99.0 111.0 116.0 90.0 114.0 113.0 111.0 105.0 100.0 0.0 92.0 126.0 98.0 97.0 108.0 108.0 107.0 105.0 119.0 103.0 87.0 124.0 104.0 0.0 98.0 94.0 129.0 111.0 114.0 104.0 104.0 109.0 106.0 110.0 104.0 110.0 98.0 0.0 115.0 101.0 97.0 103.0 108.0 108.0 86.0 115.0 101.0 103.0 105.0 120.0 116.0 0.0 102.0 103.0 113.0 113.0 99.0 102.0 134.0 111.0 108.0 101.0 97.0 93.0 105.0 0.0 112.0 109.0 99.0 108.0 107.0 110.0 85.0 127.0 111.0 94.0 107.0 91.0 113.0 0.0 105.0 107.0 118.0 114.0 109.0 119.0 125.0 126.0 93.0 108.0 101.0 94.0 85.0 0.0 112.0 97.0 100.0 116.0 121.0 104.0 99.0 112.0 101.0 112.0 102.0 104.0 104.0 0.0 107.0 96.0 105.0 100.0 113.0 92.0 102.0 100.0 122.0 102.0 107.0 113.0 105.0 0.0 105.0 113.0 109.0 105.0 106.0 102.0 93.0 96.0 98.0 120.0 116.0 112.0 117.0 0.0 111.0 96.0 111.0
0.0 0.0 0.0 0.0 0.0 0.0 0.0 0.0 0.0 0.0 0.0 1413.0 0.0 0.0 114.0 111.0 115.0 105.0 108.0 104.0 101.0 118.0 113.0 111.0 111.0 0.0 96.0 106.0 113.0 102.0 102.0 113.0 114.0 101.0 129.0 102.0 115.0 101.0 105.0 0.0 97.0 119.0 100.0 100.0 110.0 97.0 117.0 115.0 103.0 107.0 115.0 103.0 107.0 0.0 134.0 105.0 112.0 112.0 116.0 94.0 100.0 118.0 121.0 108.0 105.0 89.0 111.0 0.0 114.0 113.0 111.0 122.0 106.0 123.0 120.0 107.0 82.0 117.0 117.0 98.0 107.0 0.0 101.0 102.0 112.0 106.0 118.0 117.0 90.0 109.0 105.0 113.0 95.0 116.0 101.0 0.0 108.0 123.0 108.0 102.0 102.0 101.0 111.0 98.0 105.0 115.0 99.0 123.0 122.0 0.0 102.0 125.0 121.0 100.0 106.0 115.0 115.0 115.0 98.0 115.0 108.0 104.0 123.0 0.0 101.0 92.0 88.0 112.0 111.0 115.0 110.0 108.0 124.0 103.0 96.0 113.0 125.0 0.0 105.0 103.0 116.0 114.0 104.0 114.0 94.0 102.0 107.0 108.0 115.0 115.0 99.0 0.0 115.0 110.0 104.0 109.0 104.0 117.0 97.0 114.0 130.0 98.0 90.0 113.0 108.0 0.0 109.0 120.0 117.0 113.0 101.0 105.0 116.0 102.0 104.0 112.0 122.0 119.0 90.0 0.0 108.0 104.0 97.0 110.0 118.0 97.0 121.0 120.0 104.0 97.0 123.0 108.0 104.0 0.0 123.0 91.0
0.0 0.0 0.0 0.0 0.0 0.0 0.0 0.0 0.0 0.0 0.0 0.0 1444.0 0.0 96.0 114.0 112.0 112.0 112.0 140.0 117.0 98.0 97.0 113.0 119.0 110.0 0.0 104.0 123.0 115.0 88.0 100.0 96.0 119.0 124.0 108.0 114.0 126.0 104.0 110.0 0.0 117.0 102.0 120.0 98.0 92.0 113.0 115.0 117.0 115.0 107.0 122.0 114.0 112.0 0.0 117.0 120.0 111.0 117.0 118.0 98.0 119.0 100.0 108.0 128.0 101.0 95.0 116.0 0.0 113.0 105.0 112.0 121.0 110.0 107.0 105.0 122.0 115.0 127.0 96.0 107.0 112.0 0.0 105.0 111.0 104.0 104.0 116.0 122.0 123.0 93.0 127.0 111.0 107.0 116.0 109.0 0.0 101.0 104.0 87.0 136.0 110.0 125.0 99.0 103.0 99.0 104.0 120.0 110.0 120.0 0.0 127.0 118.0 126.0 111.0 91.0 119.0 111.0 98.0 116.0 122.0 106.0 114.0 110.0 0.0 102.0 85.0 113.0 109.0 122.0 102.0 103.0 132.0 114.0 108.0 124.0 101.0 109.0 0.0 122.0 100.0 120.0 102.0 111.0 107.0 101.0 109.0 119.0 114.0 125.0 100.0 114.0 0.0 122.0 117.0 110.0 122.0 132.0 126.0 98.0 102.0 109.0 102.0 97.0 114.0 108.0 0.0 107.0 140.0 117.0 107.0 111.0 109.0 118.0 111.0 104.0 100.0 95.0 129.0 110.0 0.0 93.0 123.0 95.0 117.0 119.0 108.0 93.0 116.0 112.0 110.0 112.0 121.0 104.0 0.0 114.0
0.0 0.0 0.0 0.0 0.0 0.0 0.0 0.0 0.0 0.0 0.0 0.0 0.0 1438.0 124.0 113.0 120.0 111.0 110.0 99.0 103.0 109.0 102.0 117.0 103.0 115.0 112.0 0.0 122.0 101.0 108.0 113.0 114.0 119.0 116.0 117.0 94.0 90.0 116.0 109.0 119.0 0.0 114.0 123.0 100.0 76.0 112.0 112.0 111.0 111.0 130.0 105.0 116.0 114.0 114.0 0.0 117.0 100.0 112.0 121.0 116.0 102.0 108.0 106.0 101.0 111.0 105.0 124.0 115.0 0.0 95.0 110.0 116.0 105.0 110.0 122.0 108.0 117.0 115.0 122.0 120.0 92.0 106.0 0.0 128.0 105.0 118.0 127.0 108.0 110.0 108.0 90.0 105.0 110.0 111.0 106.0 112.0 0.0 109.0 128.0 130.0 105.0 110.0 103.0 106.0 120.0 111.0 111.0 103.0 98.0 104.0 0.0 113.0 114.0 105.0 99.0 119.0 125.0 112.0 120.0 118.0 98.0 110.0 110.0 95.0 0.0 101.0 105.0 115.0 128.0 93.0 122.0 122.0 105.0 104.0 107.0 103.0 131.0 102.0 0.0 105.0 113.0 105.0 125.0 115.0 102.0 107.0 125.0 99.0 118.0 102.0 114.0 108.0 0.0 97.0 97.0 114.0 96.0 116.0 108.0 116.0 102.0 136.0 116.0 120.0 107.0 113.0 0.0 123.0 107.0 103.0 112.0 110.0 106.0 117.0 106.0 115.0 126.0 96.0 109.0 108.0 0.0 90.0 122.0 92.0 120.0 105.0 108.0 104.0 110.0 108.0 107.0 133.0 109.0 130.0 0.0
0.0 114.0 119.0 104.0 109.0 125.0 111.0 104.0 123.0 126.0 111.0 114.0 96.0 124.0 1480.0 0.0 0.0 0.0 0.0 0.0 0.0 0.0 0.0 0.0 0.0 0.0 0.0 0.0 0.0 124.0 104.0 99.0 121.0 122.0 105.0 114.0 113.0 113.0 92.0 121.0 124.0 128.0 0.0 106.0 98.0 109.0 112.0 132.0 93.0 110.0 110.0 105.0 117.0 141.0 144.0 103.0 0.0 131.0 122.0 106.0 101.0 128.0 118.0 110.0 108.0 125.0 107.0 102.0 113.0 109.0 0.0 124.0 135.0 114.0 102.0 117.0 104.0 127.0 119.0 115.0 111.0 98.0 112.0 102.0 0.0 107.0 93.0 120.0 124.0 117.0 123.0 127.0 130.0 112.0 114.0 107.0 102.0 104.0 0.0 110.0 129.0 122.0 111.0 98.0 118.0 118.0 111.0 114.0 111.0 108.0 112.0 118.0 0.0 129.0 125.0 104.0 128.0 106.0 131.0 108.0 108.0 112.0 112.0 98.0 110.0 109.0 0.0 115.0 107.0 104.0 120.0 109.0 115.0 102.0 106.0 109.0 128.0 130.0 116.0 119.0 0.0 113.0 112.0 131.0 103.0 106.0 99.0 135.0 98.0 117.0 112.0 124.0 109.0 121.0 0.0 108.0 110.0 107.0 118.0 117.0 117.0 117.0 119.0 108.0 121.0 114.0 105.0 119.0 0.0 97.0 113.0 142.0 117.0 100.0 127.0 101.0 107.0 121.0 122.0 116.0 109.0 108.0 0.0 102.0 113.0 118.0 114.0 103.0 119.0 107.0 128.0 103.0 122.0 107.0 128.0 116.0
112.0 0.0 102.0 114.0 114.0 105.0 109.0 119.0 102.0 94.0 95.0 111.0 114.0 113.0 0.0 1404.0 0.0 0.0 0.0 0.0 0.0 0.0 0.0 0.0 0.0 0.0 0.0 0.0 102.0 0.0 96.0 103.0 108.0 116.0 99.0 109.0 125.0 104.0 105.0 121.0 106.0 110.0 114.0 0.0 103.0 118.0 105.0 116.0 100.0 98.0 98.0 105.0 108.0 119.0 103.0 117.0 114.0 0.0 108.0 105.0 92.0 131.0 119.0 114.0 116.0 107.0 111.0 102.0 93.0 92.0 105.0 0.0 116.0 116.0 131.0 82.0 99.0 117.0 118.0 119.0 109.0 103.0 95.0 94.0 109.0 0.0 99.0 100.0 119.0 99.0 110.0 95.0 100.0 111.0 105.0 105.0 135.0 117.0 119.0 0.0 109.0 98.0 114.0 117.0 95.0 112.0 96.0 121.0 108.0 106.0 99.0 110.0 102.0 0.0 125.0 98.0 116.0 118.0 100.0 96.0 120.0 102.0 91.0 106.0 110.0 120.0 94.0 0.0 104.0 105.0 107.0 119.0 111.0 121.0 102.0 102.0 117.0 106.0 108.0 108.0 95.0 0.0 105.0 108.0 111.0 109.0 105.0 108.0 91.0 117.0 122.0 110.0 115.0 108.0 111.0 0.0 121.0 119.0 102.0 103.0 105.0 106.0 106.0 106.0 110.0 90.0 112.0 113.0 114.0 0.0 106.0 103.0 93.0 95.0 135.0 99.0 110.0 108.0 115.0 112.0 116.0 98.0 113.0 0.0 110.0 117.0 92.0 94.0 117.0 110.0 120.0 108.0 108.0 113.0 98.0 104.0
106.0 124.0 0.0 115.0 96.0 103.0 102.0 95.0 97.0 116.0 101.0 115.0 112.0 120.0 0.0 0.0 1402.0 0.0 0.0 0.0 0.0 0.0 0.0 0.0 0.0 0.0 0.0 0.0 127.0 114.0 0.0 95.0 120.0 115.0 91.0 113.0 105.0 93.0 117.0 101.0 107.0 104.0 113.0 115.0 0.0 112.0 114.0 104.0 105.0 106.0 100.0 108.0 104.0 121.0 108.0 92.0 110.0 101.0 0.0 112.0 102.0 111.0 115.0 106.0 122.0 99.0 118.0 96.0 100.0 110.0 104.0 112.0 0.0 96.0 130.0 103.0 118.0 99.0 118.0 101.0 109.0 108.0 109.0 95.0 101.0 92.0 0.0 114.0 87.0 111.0 119.0 115.0 114.0 111.0 109.0 130.0 107.0 92.0 112.0 98.0 0.0 89.0 113.0 116.0 100.0 110.0 119.0 102.0 119.0 107.0 94.0 123.0 100.0 96.0 0.0 122.0 99.0 114.0 106.0 101.0 119.0 84.0 106.0 132.0 105.0 118.0 115.0 120.0 0.0 129.0 103.0 110.0 106.0 91.0 98.0 125.0 106.0 107.0 99.0 93.0 96.0 101.0 0.0 105.0 105.0 112.0 106.0 114.0 96.0 124.0 99.0 106.0 122.0 116.0 102.0 109.0 0.0 109.0 104.0 103.0 115.0 131.0 104.0 107.0 98.0 101.0 106.0 113.0 115.0 111.0 0.0 107.0 121.0 94.0 113.0 109.0 101.0 113.0 94.0 86.0 121.0 117.0 101.0 109.0 0.0 97.0 108.0 106.0 106.0 112.0 109.0 119.0 122.0 92.0 112.0 109.0
116.0 106.0 124.0 0.0 109.0 109.0 122.0 114.0 111.0 108.0 124.0 105.0 112.0 111.0 0.0 0.0 0.0 1471.0 0.0 0.0 0.0 0.0 0.0 0.0 0.0 0.0 0.0 0.0 105.0 115.0 96.0 0.0 124.0 108.0 114.0 105.0 110.0 105.0 109.0 127.0 124.0 129.0 105.0 96.0 122.0 0.0 99.0 141.0 117.0 111.0 115.0 110.0 114.0 107.0 125.0 109.0 107.0 113.0 134.0 0.0 95.0 122.0 118.0 125.0 109.0 91.0 100.0 107.0 124.0 126.0 115.0 135.0 103.0 0.0 106.0 118.0 105.0 101.0 125.0 124.0 116.0 102.0 109.0 112.0 122.0 113.0 112.0 0.0 134.0 107.0 110.0 119.0 114.0 127.0 99.0 97.0 122.0 95.0 131.0 107.0 120.0 0.0 119.0 122.0 103.0 105.0 102.0 113.0 121.0 108.0 104.0 116.0 120.0 105.0 107.0 0.0 119.0 111.0 98.0 119.0 106.0 120.0 116.0 123.0 116.0 111.0 99.0 125.0 118.0 0.0 117.0 105.0 101.0 111.0 121.0 117.0 143.0 109.0 110.0 95.0 108.0 127.0 112.0 0.0 105.0 107.0 118.0 112.0 118.0 113.0 94.0 117.0 115.0 125.0 100.0 115.0 100.0 0.0 114.0 112.0 128.0 117.0 103.0 123.0 116.0 128.0 98.0 117.0 120.0 106.0 97.0 0.0 118.0 99.0 129.0 114.0 127.0 114.0 112.0 120.0 103.0 112.0 123.0 108.0 126.0 0.0 112.0 110.0 108.0 118.0 110.0 106.0 107.0 121.0 109.0 113.0
104.0 131.0 96.0 119.0 0.0 83.0 112.0 103.0 102.0 120.0 84.0 108.0 112.0 110.0 0.0 0.0 0.0 0.0 1384.0 0.0 0.0 0.0 0.0 0.0 0.0 0.0 0.0 0.0 115.0 101.0 114.0 94.0 0.0 105.0 100.0 106.0 111.0 106.0 105.0 112.0 106.0 109.0 96.0 113.0 108.0 105.0 0.0 118.0 100.0 108.0 117.0 106.0 116.0 100.0 102.0 95.0 98.0 114.0 114.0 112.0 0.0 110.0 115.0 110.0 109.0 99.0 104.0 110.0 102.0 87.0 107.0 100.0 106.0 105.0 0.0 129.0 109.0 109.0 119.0 104.0 93.0 102.0 97.0 104.0 119.0 99.0 92.0 94.0 0.0 96.0 93.0 93.0 91.0 121.0 111.0 124.0 127.0 124.0 90.0 109.0 112.0 99.0 0.0 103.0 123.0 96.0 105.0 105.0 116.0 111.0 96.0 119.0 107.0 112.0 94.0 102.0 0.0 127.0 112.0 102.0 106.0 87.0 95.0 100.0 127.0 113.0 126.0 94.0 120.0 101.0 0.0 106.0 100.0 94.0 105.0 120.0 109.0 111.0 92.0 106.0 99.0 115.0 104.0 100.0 0.0 100.0 97.0 130.0 111.0 98.0 110.0 97.0 118.0 105.0 112.0 99.0 120.0 129.0 0.0 102.0 98.0 88.0 98.0 109.0 107.0 113.0 101.0 108.0 111.0 108.0 97.0 119.0 0.0 101.0 103.0 126.0 94.0 93.0 123.0 94.0 106.0 109.0 100.0 89.0 107.0 105.0 0.0 104.0 122.0 119.0 116.0 116.0 111.0 102.0 98.0 95.0
86.0 124.0 118.0 100.0 104.0 0.0 118.0 115.0 108.0 112.0 102.0 104.0 140.0 99.0 0.0 0.0 0.0 0.0 0.0 1430.0 0.0 0.0 0.0 0.0 0.0 0.0 0.0 0.0 115.0 112.0 105.0 117.0 104.0 0.0 114.0 120.0 140.0 99.0 105.0 95.0 95.0 109.0 99.0 135.0 109.0 96.0 109.0 0.0 120.0 120.0 103.0 120.0 111.0 113.0 90.0 105.0 106.0 100.0 122.0 124.0 98.0 0.0 108.0 119.0 107.0 110.0 122.0 106.0 98.0 110.0 103.0 118.0 108.0 127.0 113.0 0.0 120.0 94.0 118.0 98.0 88.0 110.0 118.0 115.0 121.0 106.0 107.0 96.0 111.0 0.0 124.0 119.0 122.0 103.0 107.0 107.0 95.0 112.0 117.0 116.0 110.0 110.0 106.0 0.0 91.0 112.0 101.0 121.0 108.0 119.0 109.0 110.0 112.0 96.0 100.0 114.0 127.0 0.0 100.0 118.0 89.0 121.0 107.0 122.0 109.0 115.0 119.0 97.0 114.0 121.0 106.0 0.0 102.0 102.0 102.0 124.0 95.0 111.0 128.0 109.0 108.0 112.0 113.0 105.0 118.0 0.0 110.0 93.0 115.0 101.0 119.0 115.0 95.0 126.0 122.0 102.0 108.0 95.0 125.0 0.0 97.0 111.0 96.0 126.0 123.0 113.0 120.0 92.0 112.0 108.0 91.0 117.0 103.0 0.0 128.0 101.0 114.0 98.0 116.0 105.0 116.0 121.0 110.0 104.0 125.0 108.0 106.0 0.0 98.0 106.0 115.0 97.0 127.0 110.0 117.0 107.0
101.0 107.0 96.0 110.0 106.0 115.0 0.0 97.0 114.0 104.0 115.0 101.0 117.0 103.0 0.0 0.0 0.0 0.0 0.0 0.0 1386.0 0.0 0.0 0.0 0.0 0.0 0.0 0.0 109.0 92.0 112.0 107.0 119.0 100.0 0.0 122.0 95.0 113.0 113.0 100.0 105.0 99.0 108.0 113.0 118.0 94.0 108.0 125.0 0.0 99.0 109.0 92.0 110.0 103.0 98.0 109.0 109.0 99.0 106.0 107.0 95.0 102.0 0.0 116.0 125.0 98.0 102.0 115.0 107.0 105.0 118.0 106.0 112.0 98.0 114.0 108.0 0.0 98.0 85.0 118.0 119.0 93.0 108.0 109.0 118.0 108.0 101.0 112.0 109.0 93.0 0.0 107.0 114.0 110.0 100.0 98.0 109.0 107.0 97.0 102.0 96.0 101.0 96.0 106.0 0.0 123.0 103.0 122.0 105.0 100.0 124.0 111.0 101.0 104.0 106.0 121.0 112.0 98.0 0.0 112.0 103.0 100.0 125.0 108.0 94.0 102.0 96.0 127.0 98.0 100.0 105.0 107.0 0.0 98.0 105.0 109.0 95.0 120.0 126.0 100.0 114.0 109.0 106.0 110.0 109.0 116.0 0.0 109.0 105.0 110.0 94.0 109.0 93.0 102.0 106.0 117.0 102.0 117.0 108.0 97.0 0.0 95.0 125.0 88.0 108.0 114.0 92.0 117.0 104.0 101.0 117.0 123.0 113.0 110.0 0.0 106.0 105.0 111.0 87.0 111.0 105.0 93.0 105.0 101.0 116.0 86.0 92.0 109.0 0.0 104.0 98.0 111.0 113.0 114.0 108.0 129.0
89.0 110.0 119.0 113.0 114.0 119.0 107.0 0.0 110.0 108.0 107.0 118.0 98.0 109.0 0.0 0.0 0.0 0.0 0.0 0.0 0.0 1421.0 0.0 0.0 0.0 0.0 0.0 0.0 111.0 98.0 100.0 125.0 112.0 105.0 122.0 0.0 90.0 127.0 108.0 123.0 96.0 104.0 105.0 107.0 110.0 95.0 123.0 110.0 121.0 0.0 112.0 97.0 101.0 106.0 129.0 105.0 121.0 109.0 108.0 122.0 109.0 106.0 97.0 0.0 109.0 115.0 97.0 101.0 115.0 112.0 133.0 116.0 110.0 108.0 99.0 128.0 106.0 0.0 109.0 97.0 99.0 98.0 99.0 119.0 100.0 102.0 119.0 117.0 108.0 109.0 111.0 0.0 92.0 121.0 104.0 104.0 117.0 117.0 109.0 86.0 119.0 111.0 121.0 92.0 101.0 0.0 111.0 109.0 126.0 107.0 111.0 118.0 117.0 116.0 127.0 104.0 109.0 115.0 119.0 0.0 109.0 99.0 111.0 106.0 93.0 96.0 111.0 117.0 98.0 97.0 106.0 111.0 114.0 0.0 107.0 97.0 119.0 130.0 115.0 99.0 108.0 104.0 98.0 103.0 98.0 110.0 116.0 0.0 107.0 111.0 140.0 109.0 111.0 106.0 102.0 118.0 92.0 112.0 108.0 104.0 111.0 0.0 132.0 125.0 107.0 105.0 102.0 103.0 87.0 131.0 122.0 106.0 111.0 113.0 95.0 0.0 107.0 107.0 87.0 105.0 117.0 133.0 128.0 107.0 99.0 108.0 103.0 99.0 101.0 0.0 126.0 108.0 115.0 109.0 118.0 100.0
107.0 129.0 116.0 120.0 122.0 118.0 110.0 102.0 0.0 105.0 99.0 113.0 97.0 102.0 0.0 0.0 0.0 0.0 0.0 0.0 0.0 0.0 1440.0 0.0 0.0 0.0 0.0 0.0 118.0 96.0 89.0 115.0 119.0 128.0 123.0 92.0 0.0 111.0 114.0 103.0 108.0 124.0 114.0 105.0 107.0 97.0 109.0 113.0 110.0 113.0 0.0 124.0 119.0 94.0 122.0 113.0 123.0 112.0 119.0 113.0 122.0 101.0 106.0 108.0 0.0 101.0 117.0 106.0 102.0 110.0 108.0 96.0 105.0 97.0 126.0 128.0 99.0 114.0 0.0 112.0 110.0 131.0 108.0 106.0 114.0 104.0 125.0 109.0 98.0 115.0 115.0 106.0 0.0 104.0 113.0 114.0 111.0 112.0 107.0 116.0 120.0 114.0 116.0 91.0 113.0 128.0 0.0 104.0 107.0 105.0 112.0 107.0 100.0 124.0 109.0 120.0 109.0 109.0 121.0 105.0 0.0 97.0 99.0 115.0 122.0 110.0 110.0 94.0 115.0 106.0 101.0 108.0 118.0 122.0 0.0 120.0 124.0 114.0 102.0 106.0 99.0 133.0 99.0 90.0 108.0 110.0 102.0 111.0 0.0 116.0 98.0 124.0 125.0 125.0 100.0 108.0 116.0 123.0 99.0 91.0 111.0 99.0 0.0 117.0 132.0 115.0 125.0 104.0 126.0 102.0 103.0 114.0 102.0 108.0 110.0 119.0 0.0 113.0 114.0 103.0 100.0 126.0 114.0 121.0 117.0 122.0 109.0 120.0 102.0 121.0 0.0 116.0 94.0 103.0 106.0 95.0
105.0 115.0 119.0 103.0 122.0 102.0 111.0 120.0 109.0 0.0 109.0 111.0 113.0 117.0 0.0 0.0 0.0 0.0 0.0 0.0 0.0 0.0 0.0 1456.0 0.0 0.0 0.0 0.0 105.0 120.0 126.0 102.0 111.0 99.0 114.0 106.0 125.0 0.0 108.0 111.0 106.0 123.0 114.0 125.0 107.0 101.0 135.0 119.0 110.0 113.0 111.0 0.0 100.0 107.0 102.0 112.0 119.0 94.0 113.0 109.0 101.0 111.0 117.0 100.0 123.0 0.0 102.0 108.0 129.0 130.0 106.0 97.0 113.0 112.0 107.0 105.0 122.0 110.0 128.0 0.0 123.0 92.0 115.0 126.0 112.0 127.0 113.0 110.0 124.0 102.0 104.0 103.0 105.0 0.0 112.0 130.0 120.0 94.0 111.0 117.0 119.0 121.0 120.0 108.0 102.0 112.0 108.0 0.0 107.0 108.0 120.0 103.0 122.0 94.0 119.0 121.0 100.0 127.0 122.0 98.0 103.0 0.0 118.0 106.0 121.0 105.0 125.0 98.0 103.0 120.0 102.0 125.0 113.0 121.0 96.0 0.0 112.0 118.0 100.0 123.0 107.0 124.0 96.0 151.0 117.0 111.0 107.0 100.0 113.0 0.0 111.0 115.0 90.0 114.0 112.0 108.0 107.0 97.0 108.0 117.0 108.0 127.0 108.0 0.0 116.0 129.0 114.0 105.0 113.0 122.0 107.0 113.0 95.0 107.0 114.0 124.0 119.0 0.0 110.0 116.0 117.0 99.0 105.0 115.0 114.0 96.0 114.0 123.0 112.0 122.0 108.0 0.0 128.0 105.0 109.0 105.0
109.0 113.0 99.0 114.0 107.0 139.0 99.0 128.0 110.0 109.0 0.0 111.0 119.0 103.0 0.0 0.0 0.0 0.0 0.0 0.0 0.0 0.0 0.0 0.0 1460.0 0.0 0.0 0.0 102.0 101.0 100.0 125.0 119.0 122.0 99.0 126.0 129.0 104.0 0.0 113.0 114.0 106.0 112.0 127.0 121.0 103.0 123.0 84.0 117.0 117.0 99.0 102.0 0.0 117.0 129.0 109.0 125.0 115.0 94.0 121.0 93.0 119.0 115.0 116.0 94.0 119.0 0.0 130.0 116.0 103.0 110.0 112.0 120.0 124.0 127.0 102.0 98.0 95.0 131.0 114.0 0.0 108.0 99.0 120.0 111.0 109.0 100.0 121.0 105.0 128.0 99.0 82.0 130.0 120.0 0.0 103.0 137.0 115.0 118.0 104.0 111.0 118.0 119.0 109.0 110.0 109.0 114.0 111.0 0.0 103.0 111.0 123.0 115.0 133.0 115.0 98.0 123.0 123.0 112.0 122.0 101.0 90.0 0.0 113.0 118.0 97.0 102.0 124.0 117.0 106.0 92.0 104.0 139.0 132.0 111.0 98.0 0.0 125.0 91.0 119.0 109.0 112.0 130.0 105.0 113.0 90.0 123.0 108.0 118.0 117.0 0.0 100.0 117.0 118.0 114.0 91.0 106.0 119.0 106.0 111.0 111.0 101.0 118.0 141.0 0.0 118.0 99.0 125.0 120.0 115.0 120.0 108.0 105.0 119.0 120.0 99.0 117.0 117.0 0.0 95.0 122.0 103.0 113.0 104.0 127.0 98.0 128.0 110.0 118.0 125.0 88.0 118.0 0.0 124.0 88.0 119.0
105.0 108.0 105.0 100.0 121.0 100.0 104.0 110.0 95.0 113.0 116.0 0.0 110.0 115.0 0.0 0.0 0.0 0.0 0.0 0.0 0.0 0.0 0.0 0.0 0.0 1402.0 0.0 0.0 120.0 109.0 93.0 100.0 108.0 93.0 105.0 127.0 116.0 102.0 118.0 0.0 109.0 102.0 106.0 115.0 100.0 112.0 95.0 111.0 108.0 101.0 132.0 110.0 104.0 0.0 107.0 101.0 105.0 99.0 112.0 117.0 100.0 114.0 100.0 122.0 111.0 115.0 101.0 0.0 102.0 104.0 113.0 102.0 109.0 113.0 99.0 111.0 108.0 107.0 105.0 100.0 113.0 0.0 118.0 104.0 103.0 117.0 124.0 121.0 111.0 102.0 100.0 119.0 90.0 96.0 107.0 0.0 117.0 95.0 103.0 118.0 125.0 105.0 117.0 105.0 103.0 105.0 116.0 107.0 100.0 0.0 104.0 94.0 102.0 108.0 103.0 98.0 110.0 101.0 122.0 100.0 112.0 110.0 112.0 0.0 97.0 127.0 108.0 108.0 93.0 104.0 94.0 106.0 116.0 110.0 92.0 125.0 108.0 0.0 130.0 108.0 121.0 91.0 112.0 95.0 105.0 120.0 101.0 112.0 110.0 113.0 104.0 0.0 98.0 120.0 109.0 90.0 115.0 110.0 113.0 119.0 105.0 91.0 118.0 107.0 115.0 0.0 104.0 106.0 110.0 113.0 109.0 118.0 110.0 111.0 127.0 94.0 99.0 100.0 100.0 0.0 95.0 116.0 97.0 124.0 102.0 109.0 119.0 109.0 103.0 104.0 106.0 104.0 104.0 0.0 111.0 110.0
103.0 97.0 116.0 117.0 125.0 118.0 131.0 90.0 126.0 116.0 115.0 96.0 0.0 112.0 0.0 0.0 0.0 0.0 0.0 0.0 0.0 0.0 0.0 0.0 0.0 0.0 1462.0 0.0 108.0 111.0 110.0 107.0 109.0 116.0 121.0 126.0 94.0 121.0 113.0 116.0 0.0 110.0 117.0 106.0 102.0 117.0 107.0 98.0 117.0 110.0 124.0 113.0 124.0 126.0 0.0 101.0 119.0 108.0 113.0 112.0 121.0 110.0 117.0 119.0 118.0 85.0 116.0 118.0 0.0 106.0 107.0 108.0 115.0 129.0 120.0 107.0 96.0 118.0 111.0 116.0 97.0 128.0 0.0 110.0 118.0 101.0 122.0 94.0 109.0 115.0 105.0 98.0 134.0 104.0 122.0 108.0 0.0 132.0 95.0 131.0 115.0 97.0 124.0 121.0 120.0 120.0 102.0 110.0 104.0 104.0 0.0 119.0 120.0 102.0 115.0 119.0 107.0 136.0 110.0 116.0 112.0 120.0 114.0 94.0 0.0 97.0 125.0 122.0 116.0 102.0 112.0 103.0 112.0 122.0 94.0 114.0 108.0 106.0 0.0 126.0 113.0 115.0 108.0 129.0 104.0 115.0 98.0 123.0 112.0 122.0 107.0 111.0 0.0 105.0 113.0 113.0 132.0 128.0 104.0 100.0 113.0 92.0 114.0 107.0 100.0 132.0 0.0 114.0 117.0 142.0 99.0 114.0 107.0 91.0 114.0 108.0 116.0 121.0 123.0 112.0 0.0 98.0 107.0 106.0 99.0 97.0 113.0 132.0 108.0 120.0 105.0 113.0 119.0 111.0 0.0 132.0
119.0 102.0 123.0 93.0 104.0 105.0 111.0 115.0 104.0 111.0 105.0 106.0 104.0 0.0 0.0 0.0 0.0 0.0 0.0 0.0 0.0 0.0 0.0 0.0 0.0 0.0 0.0 1402.0 115.0 109.0 103.0 102.0 107.0 114.0 109.0 123.0 110.0 113.0 105.0 101.0 91.0 0.0 119.0 108.0 86.0 91.0 113.0 105.0 98.0 107.0 113.0 106.0 115.0 122.0 119.0 0.0 97.0 89.0 116.0 92.0 129.0 97.0 109.0 114.0 110.0 113.0 105.0 110.0 121.0 0.0 112.0 104.0 91.0 137.0 88.0 106.0 114.0 109.0 116.0 106.0 116.0 112.0 91.0 0.0 99.0 101.0 109.0 108.0 115.0 104.0 105.0 112.0 120.0 111.0 93.0 106.0 119.0 0.0 103.0 107.0 104.0 128.0 103.0 110.0 116.0 110.0 113.0 96.0 107.0 99.0 106.0 0.0 93.0 121.0 118.0 122.0 102.0 117.0 103.0 104.0 86.0 99.0 116.0 121.0 100.0 0.0 112.0 115.0 108.0 103.0 112.0 111.0 104.0 109.0 102.0 116.0 110.0 93.0 107.0 0.0 106.0 104.0 117.0 111.0 106.0 97.0 114.0 84.0 128.0 115.0 102.0 110.0 108.0 0.0 110.0 124.0 115.0 111.0 102.0 109.0 114.0 110.0 103.0 116.0 94.0 98.0 96.0 0.0 95.0 106.0 110.0 94.0 127.0 130.0 103.0 102.0 106.0 108.0 113.0 99.0 109.0 0.0 122.0 112.0 102.0 110.0 94.0 97.0 102.0 103.0 91.0 92.0 121.0 125.0 131.0 0.0
0.0 119.0 104.0 122.0 130.0 120.0 95.0 104.0 76.0 128.0 96.0 113.0 123.0 122.0 0.0 102.0 127.0 105.0 115.0 115.0 109.0 111.0 118.0 105.0 102.0 120.0 108.0 115.0 1452.0 0.0 0.0 0.0 0.0 0.0 0.0 0.0 0.0 0.0 0.0 0.0 0.0 0.0 0.0 124.0 113.0 94.0 114.0 124.0 100.0 117.0 114.0 96.0 123.0 111.0 125.0 97.0 0.0 96.0 119.0 123.0 117.0 117.0 106.0 111.0 125.0 113.0 100.0 107.0 108.0 110.0 0.0 118.0 105.0 110.0 132.0 116.0 105.0 103.0 108.0 110.0 123.0 110.0 100.0 112.0 0.0 96.0 130.0 97.0 104.0 100.0 125.0 114.0 126.0 111.0 121.0 103.0 110.0 115.0 0.0 119.0 107.0 115.0 115.0 104.0 105.0 102.0 121.0 127.0 109.0 104.0 118.0 106.0 0.0 116.0 113.0 104.0 117.0 118.0 119.0 104.0 110.0 84.0 146.0 117.0 88.0 116.0 0.0 119.0 123.0 96.0 86.0 106.0 122.0 120.0 115.0 110.0 137.0 108.0 105.0 105.0 0.0 99.0 92.0 106.0 125.0 100.0 115.0 120.0 111.0 120.0 110.0 117.0 123.0 114.0 0.0 105.0 105.0 145.0 99.0 110.0 121.0 118.0 98.0 129.0 101.0 122.0 98.0 101.0 0.0 116.0 114.0 120.0 93.0 122.0 114.0 113.0 108.0 112.0 84.0 113.0 116.0 127.0 0.0 123.0 100.0 115.0 105.0 100.0 116.0 115.0 122.0 107.0 100.0 107.0 130.0 112.0
106.0 0.0 127.0 113.0 110.0 104.0 101.0 112.0 100.0 115.0 96.0 102.0 115.0 101.0 124.0 0.0 114.0 115.0 101.0 112.0 92.0 98.0 96.0 120.0 101.0 109.0 111.0 109.0 0.0 1402.0 0.0 0.0 0.0 0.0 0.0 0.0 0.0 0.0 0.0 0.0 0.0 0.0 115.0 0.0 95.0 112.0 112.0 96.0 114.0 89.0 122.0 129.0 105.0 109.0 107.0 97.0 96.0 0.0 120.0 114.0 102.0 130.0 87.0 113.0 99.0 103.0 105.0 104.0 121.0 108.0 103.0 0.0 115.0 104.0 111.0 103.0 111.0 116.0 114.0 110.0 112.0 103.0 94.0 106.0 102.0 0.0 91.0 105.0 115.0 118.0 119.0 100.0 106.0 106.0 106.0 115.0 113.0 106.0 95.0 0.0 113.0 106.0 106.0 99.0 115.0 110.0 101.0 91.0 114.0 131.0 109.0 112.0 97.0 0.0 105.0 100.0 122.0 118.0 114.0 119.0 119.0 98.0 96.0 104.0 101.0 109.0 116.0 0.0 93.0 108.0 99.0 101.0 111.0 102.0 84.0 125.0 124.0 107.0 113.0 119.0 101.0 0.0 117.0 104.0 118.0 109.0 109.0 119.0 106.0 106.0 99.0 98.0 94.0 122.0 115.0 0.0 101.0 121.0 96.0 108.0 130.0 107.0 132.0 107.0 106.0 101.0 86.0 92.0 112.0 0.0 107.0 108.0 100.0 109.0 107.0 94.0 105.0 99.0 122.0 106.0 121.0 112.0 120.0 0.0 104.0 92.0 110.0 95.0 92.0 123.0 118.0 93.0 116.0 113.0 117.0 109.0
84.0 104.0 0.0 112.0 101.0 121.0 104.0 97.0 124.0 95.0 108.0 102.0 88.0 108.0 104.0 96.0 0.0 96.0 114.0 105.0 112.0 100.0 89.0 126.0 100.0 93.0 110.0 103.0 0.0 0.0 1348.0 0.0 0.0 0.0 0.0 0.0 0.0 0.0 0.0 0.0 0.0 0.0 112.0 96.0 0.0 78.0 101.0 111.0 109.0 120.0 118.0 102.0 87.0 100.0 111.0 103.0 101.0 114.0 0.0 101.0 104.0 101.0 114.0 116.0 113.0 95.0 90.0 102.0 94.0 103.0 121.0 105.0 0.0 111.0 101.0 120.0 77.0 92.0 109.0 100.0 109.0 92.0 94.0 117.0 104.0 112.0 0.0 109.0 114.0 77.0 90.0 108.0 102.0 115.0 102.0 114.0 106.0 95.0 97.0 100.0 0.0 120.0 116.0 92.0 108.0 78.0 112.0 111.0 114.0 89.0 96.0 115.0 124.0 89.0 0.0 118.0 113.0 109.0 102.0 112.0 98.0 90.0 93.0 96.0 108.0 96.0 95.0 126.0 0.0 102.0 95.0 100.0 115.0 111.0 90.0 94.0 99.0 99.0 120.0 102.0 108.0 100.0 0.0 87.0 90.0 109.0 102.0 114.0 93.0 99.0 96.0 125.0 116.0 109.0 102.0 93.0 0.0 100.0 102.0 92.0 114.0 89.0 96.0 99.0 125.0 118.0 117.0 101.0 88.0 110.0 0.0 111.0 94.0 94.0 106.0 96.0 108.0 120.0 116.0 117.0 94.0 94.0 108.0 103.0 0.0 103.0 103.0 117.0 95.0 115.0 96.0 102.0 109.0 101.0 94.0 102.0
115.0 98.0 113.0 0.0 111.0 95.0 116.0 114.0 102.0 106.0 95.0 113.0 100.0 113.0 99.0 103.0 95.0 0.0 94.0 117.0 107.0 125.0 115.0 102.0 125.0 100.0 107.0 102.0 0.0 0.0 0.0 1391.0 0.0 0.0 0.0 0.0 0.0 0.0 0.0 0.0 0.0 0.0 109.0 122.0 98.0 0.0 114.0 103.0 102.0 97.0 111.0 118.0 105.0 104.0 110.0 98.0 120.0 108.0 132.0 0.0 103.0 101.0 94.0 103.0 133.0 95.0 108.0 92.0 84.0 118.0 99.0 109.0 105.0 0.0 111.0 96.0 103.0 103.0 125.0 100.0 104.0 117.0 128.0 91.0 111.0 118.0 94.0 0.0 106.0 99.0 106.0 104.0 115.0 102.0 107.0 97.0 109.0 123.0 110.0 110.0 107.0 0.0 109.0 121.0 98.0 123.0 98.0 107.0 100.0 105.0 102.0 101.0 98.0 107.0 124.0 0.0 105.0 110.0 101.0 100.0 95.0 110.0 109.0 120.0 118.0 94.0 108.0 107.0 112.0 0.0 102.0 110.0 122.0 110.0 84.0 102.0 112.0 119.0 101.0 102.0 114.0 121.0 108.0 0.0 107.0 108.0 91.0 103.0 99.0 108.0 117.0 107.0 107.0 101.0 110.0 100.0 113.0 0.0 94.0 107.0 121.0 92.0 127.0 100.0 103.0 105.0 104.0 115.0 98.0 102.0 100.0 0.0 138.0 107.0 118.0 113.0 97.0 112.0 91.0 99.0 120.0 96.0 100.0 86.0 90.0 0.0 97.0 117.0 112.0 104.0 90.0 129.0 115.0 113.0 101.0 137.0
108.0 122.0 119.0 106.0 0.0 121.0 133.0 132.0 102.0 111.0 103.0 114.0 96.0 114.0 121.0 108.0 120.0 124.0 0.0 104.0 119.0 112.0 119.0 111.0 119.0 108.0 109.0 107.0 0.0 0.0 0.0 0.0 1481.0 0.0 0.0 0.0 0.0 0.0 0.0 0.0 0.0 0.0 101.0 134.0 132.0 103.0 0.0 109.0 114.0 104.0 116.0 114.0 104.0 124.0 118.0 108.0 120.0 114.0 102.0 94.0 0.0 103.0 124.0 127.0 119.0 124.0 108.0 110.0 123.0 113.0 126.0 122.0 105.0 109.0 0.0 125.0 110.0 100.0 119.0 106.0 138.0 122.0 101.0 98.0 109.0 106.0 100.0 114.0 0.0 114.0 111.0 130.0 129.0 117.0 100.0 121.0 109.0 121.0 106.0 108.0 132.0 115.0 0.0 108.0 101.0 120.0 137.0 123.0 112.0 105.0 96.0 118.0 113.0 119.0 110.0 124.0 0.0 125.0 120.0 104.0 100.0 104.0 106.0 116.0 132.0 108.0 121.0 113.0 110.0 112.0 0.0 105.0 93.0 117.0 102.0 117.0 116.0 116.0 121.0 138.0 111.0 94.0 110.0 119.0 0.0 105.0 132.0 105.0 113.0 122.0 114.0 113.0 116.0 127.0 116.0 112.0 100.0 110.0 0.0 137.0 96.0 116.0 97.0 112.0 123.0 115.0 118.0 129.0 117.0 113.0 122.0 116.0 0.0 97.0 121.0 112.0 117.0 113.0 114.0 114.0 110.0 115.0 112.0 116.0 119.0 135.0 0.0 128.0 107.0 102.0 111.0 107.0 124.0 103.0 132.0 85.0
111.0 135.0 105.0 112.0 118.0 0.0 102.0 108.0 110.0 109.0 94.0 101.0 119.0 119.0 122.0 116.0 115.0 108.0 105.0 0.0 100.0 105.0 128.0 99.0 122.0 93.0 116.0 114.0 0.0 0.0 0.0 0.0 0.0 1443.0 0.0 0.0 0.0 0.0 0.0 0.0 0.0 0.0 126.0 103.0 105.0 94.0 125.0 0.0 108.0 122.0 117.0 96.0 118.0 114.0 126.0 89.0 100.0 106.0 105.0 115.0 92.0 0.0 117.0 111.0 109.0 112.0 120.0 126.0 124.0 106.0 108.0 108.0 118.0 120.0 101.0 0.0 118.0 119.0 103.0 117.0 121.0 97.0 102.0 111.0 112.0 112.0 96.0 113.0 95.0 0.0 104.0 112.0 128.0 118.0 94.0 118.0 135.0 106.0 104.0 110.0 114.0 109.0 113.0 0.0 118.0 121.0 100.0 110.0 125.0 99.0 96.0 124.0 101.0 105.0 116.0 122.0 118.0 0.0 113.0 89.0 112.0 97.0 101.0 132.0 127.0 110.0 108.0 113.0 110.0 110.0 105.0 0.0 118.0 99.0 121.0 110.0 121.0 125.0 103.0 100.0 108.0 120.0 109.0 103.0 120.0 0.0 103.0 121.0 87.0 126.0 115.0 112.0 98.0 121.0 106.0 109.0 130.0 120.0 114.0 0.0 110.0 106.0 102.0 121.0 103.0 101.0 97.0 124.0 121.0 115.0 104.0 112.0 118.0 0.0 120.0 117.0 110.0 110.0 94.0 113.0 101.0 108.0 116.0 91.0 116.0 105.0 119.0 0.0 112.0 113.0 116.0 118.0 115.0 112.0 99.0 111.0
