19
1 1 4 8 12 16 20 24 28 32 36 40 44 48 52 56 60 64 68
1 1 1 4 8 12 16 20 24 28 32 36 40 44 48 52 56 60 64
4 1 1 1 4 8 12 16 20 24 28 32 36 40 44 48 52 56 60
8 4 1 1 1 4 8 12 16 20 24 28 32 36 40 44 48 52 56
12 8 4 1 1 1 4 8 12 16 20 24 28 32 36 40 44 48 52
16 12 8 4 1 1 1 4 8 12 16 20 24 28 32 36 40 44 48
20 16 12 8 4 1 1 1 4 8 12 16 20 24 28 32 36 40 44
24 20 16 12 8 4 1 1 1 4 8 12 16 20 24 28 32 36 40
28 24 20 16 12 8 4 1 1 1 4 8 12 16 20 24 28 32 36
32 28 24 20 16 12 8 4 1 1 1 4 8 12 16 20 24 28 32
36 32 28 24 20 16 12 8 4 1 1 1 4 8 12 16 20 24 28
40 36 32 28 24 20 16 12 8 4 1 1 1 4 8 12 16 20 24
44 40 36 32 28 24 20 16 12 8 4 1 1 1 4 8 12 16 20
48 44 40 36 32 28 24 20 16 12 8 4 1 1 1 4 8 12 16
52 48 44 40 36 32 28 24 20 16 12 8 4 1 1 1 4 8 12
56 52 48 44 40 36 32 28 24 20 16 12 8 4 1 1 1 4 8
60 56 52 48 44 40 36 32 28 24 20 16 12 8 4 1 1 1 4
64 60 56 52 48 44 40 36 32 28 24 20 16 12 8 4 1 1 1
68 64 60 56 52 48 44 40 36 32 28 24 20 16 12 8 4 1 1
229.5 231.0 232.5 234.0 235.5 237.0 238.5 240.0 241.5 243.0 244.5 246.0 247.5 249.0 250.5 252.0 253.5 255.0 256.5
231.0 232.33333333333331 233.66666666666666 235.0 236.33333333333331 237.66666666666669 239.0 240.33333333333334 241.66666666666669 243.0 244.33333333333331 245.66666666666666 247.0 248.33333333333331 249.66666666666669 251.0 252.33333333333334 253.66666666666669 255.0
232.5 233.66666666666666 234.83333333333331 236.0 237.16666666666669 238.33333333333331 239.5 240.66666666666669 241.83333333333334 243.0 244.16666666666666 245.33333333333331 246.5 247.66666666666669 248.83333333333331 250.0 251.16666666666669 252.33333333333334 253.5
234.0 235.0 236.0 237.0 238.0 239.0 240.0 241.0 242.0 243.0 244.0 245.0 246.0 247.0 248.0 249.0 250.0 251.0 252.0
235.5 236.33333333333331 237.16666666666669 238.0 238.83333333333334 239.66666666666666 240.5 241.33333333333331 242.16666666666669 243.0 243.83333333333331 244.66666666666669 245.5 246.33333333333334 247.16666666666666 248.0 248.83333333333331 249.66666666666669 250.5
237.0 237.66666666666669 238.33333333333331 239.0 239.66666666666666 240.33333333333334 241.0 241.66666666666669 242.33333333333331 243.0 243.66666666666669 244.33333333333331 245.0 245.66666666666666 246.33333333333334 247.0 247.66666666666669 248.33333333333331 249.0
238.5 239.0 239.5 240.0 240.5 241.0 241.5 242.0 242.5 243.0 243.5 244.0 244.5 245.0 245.5 246.0 246.5 247.0 247.5
240.0 240.33333333333334 240.66666666666669 241.0 241.33333333333331 241.66666666666669 242.0 242.33333333333331 242.66666666666666 243.0 243.33333333333334 243.66666666666669 244.0 244.33333333333331 244.66666666666669 245.0 245.33333333333331 245.66666666666666 246.0
241.5 241.66666666666669 241.83333333333334 242.0 242.16666666666669 242.33333333333331 242.5 242.66666666666666 242.83333333333331 243.0 243.16666666666669 243.33333333333334 243.5 243.66666666666669 243.83333333333331 244.0 244.16666666666666 244.33333333333331 244.5
243.0 243.0 243.0 243.0 243.0 243.0 243.0 243.0 243.0 243.0 243.0 243.0 243.0 243.0 243.0 243.0 243.0 243.0 243.0
244.5 244.33333333333331 244.16666666666666 244.0 243.83333333333331 243.66666666666669 243.5 243.33333333333334 243.16666666666669 243.0 242.83333333333331 242.66666666666666 242.5 242.33333333333331 242.16666666666669 242.0 241.83333333333334 241.66666666666669 241.5
246.0 245.66666666666666 245.33333333333331 245.0 244.66666666666669 244.33333333333331 244.0 243.66666666666669 243.33333333333334 243.0 242.66666666666666 242.33333333333331 242.0 241.66666666666669 241.33333333333331 241.0 240.66666666666669 240.33333333333334 240.0
247.5 247.0 246.5 246.0 245.5 245.0 244.5 244.0 243.5 243.0 242.5 242.0 241.5 241.0 240.5 240.0 239.5 239.0 238.5
249.0 248.33333333333331 247.66666666666669 247.0 246.33333333333334 245.66666666666666 245.0 244.33333333333331 243.66666666666669 243.0 242.33333333333331 241.66666666666669 241.0 240.33333333333334 239.66666666666666 239.0 238.33333333333331 237.66666666666669 237.0
250.5 249.66666666666669 248.83333333333331 248.0 247.16666666666666 246.33333333333334 245.5 244.66666666666669 243.83333333333331 243.0 242.16666666666669 241.33333333333331 240.5 239.66666666666666 238.83333333333334 238.0 237.16666666666669 236.33333333333331 235.5
252.0 251.0 250.0 249.0 248.0 247.0 246.0 245.0 244.0 243.0 242.0 241.0 240.0 239.0 238.0 237.0 236.0 235.0 234.0
253.5 252.33333333333334 251.16666666666669 250.0 248.83333333333331 247.66666666666669 246.5 245.33333333333331 244.16666666666666 243.0 241.83333333333334 240.66666666666669 239.5 238.33333333333331 237.16666666666669 236.0 234.83333333333331 233.66666666666666 232.5
255.0 253.66666666666669 252.33333333333334 251.0 249.66666666666669 248.33333333333331 247.0 245.66666666666666 244.33333333333331 243.0 241.66666666666669 240.33333333333334 239.0 237.66666666666669 236.33333333333331 235.0 233.66666666666666 232.33333333333331 231.0
256.5 255.0 253.5 252.0 250.5 249.0 247.5 246.0 244.5 243.0 241.5 240.0 238.5 237.0 235.5 234.0 232.5 231.0 229.5
