15
1 1 4 8 12 16 20 24 28 32 36 40 44 48 52
1 1 1 4 8 12 16 20 24 28 32 36 40 44 48
4 1 1 1 4 8 12 16 20 24 28 32 36 40 44
8 4 1 1 1 4 8 12 16 20 24 28 32 36 40
12 8 4 1 1 1 4 8 12 16 20 24 28 32 36
16 12 8 4 1 1 1 4 8 12 16 20 24 28 32
20 16 12 8 4 1 1 1 4 8 12 16 20 24 28
24 20 16 12 8 4 1 1 1 4 8 12 16 20 24
28 24 20 16 12 8 4 1 1 1 4 8 12 16 20
32 28 24 20 16 12 8 4 1 1 1 4 8 12 16
36 32 28 24 20 16 12 8 4 1 1 1 4 8 12
40 36 32 28 24 20 16 12 8 4 1 1 1 4 8
44 40 36 32 28 24 20 16 12 8 4 1 1 1 4
48 44 40 36 32 28 24 20 16 12 8 4 1 1 1
52 48 44 40 36 32 28 24 20 16 12 8 4 1 1
136.5 138.0 139.5 141.0 142.5 144.0 145.5 147.0 148.5 150.0 151.5 153.0 154.5 156.0 157.5
138.0 139.28571428571428 140.57142857142856 141.85714285714286 143.14285714285714 144.42857142857144 145.71428571428572 147.0 148.28571428571428 149.57142857142856 150.85714285714286 152.14285714285714 153.42857142857144 154.71428571428572 156.0
139.5 140.57142857142856 141.64285714285714 142.71428571428572 143.78571428571428 144.85714285714286 145.92857142857144 147.0 148.07142857142856 149.14285714285714 150.21428571428572 151.28571428571428 152.35714285714286 153.42857142857142 154.5
141.0 141.85714285714286 142.71428571428572 143.57142857142856 144.42857142857144 145.28571428571428 146.14285714285714 147.0 147.85714285714286 148.71428571428572 149.57142857142858 150.42857142857142 151.28571428571428 152.14285714285714 153.0
142.5 143.14285714285714 143.78571428571428 144.42857142857144 145.07142857142856 145.71428571428572 146.35714285714286 147.0 147.64285714285714 148.28571428571428 148.92857142857142 149.57142857142858 150.21428571428572 150.85714285714286 151.5
144.0 144.42857142857144 144.85714285714286 145.28571428571428 145.71428571428572 146.14285714285714 146.57142857142856 147.0 147.42857142857144 147.85714285714286 148.28571428571428 148.71428571428572 149.14285714285714 149.57142857142856 150.0
145.5 145.71428571428572 145.92857142857144 146.14285714285714 146.35714285714286 146.57142857142856 146.78571428571428 147.0 147.21428571428572 147.42857142857144 147.64285714285714 147.85714285714286 148.07142857142856 148.28571428571428 148.5
147.0 147.0 147.0 147.0 147.0 147.0 147.0 147.0 147.0 147.0 147.0 147.0 147.0 147.0 147.0
148.5 148.28571428571428 148.07142857142856 147.85714285714286 147.64285714285714 147.42857142857144 147.21428571428572 147.0 146.78571428571428 146.57142857142856 146.35714285714286 146.14285714285714 145.92857142857144 145.71428571428572 145.5
150.0 149.57142857142856 149.14285714285714 148.71428571428572 148.28571428571428 147.85714285714286 147.42857142857144 147.0 146.57142857142856 146.14285714285714 145.71428571428572 145.28571428571428 144.85714285714286 144.42857142857142 144.0
151.5 150.85714285714286 150.21428571428572 149.57142857142858 148.92857142857142 148.28571428571428 147.64285714285714 147.0 146.35714285714286 145.71428571428572 145.07142857142856 144.42857142857144 143.78571428571428 143.14285714285714 142.5
153.0 152.14285714285714 151.28571428571428 150.42857142857142 149.57142857142858 148.71428571428572 147.85714285714286 147.0 146.14285714285714 145.28571428571428 144.42857142857144 143.57142857142858 142.71428571428572 141.85714285714286 141.0
154.5 153.42857142857144 152.35714285714286 151.28571428571428 150.21428571428572 149.14285714285714 148.07142857142856 147.0 145.92857142857144 144.85714285714286 143.78571428571428 142.71428571428572 141.64285714285714 140.57142857142858 139.5
156.0 154.71428571428572 153.42857142857142 152.14285714285714 150.85714285714286 149.57142857142856 148.28571428571428 147.0 145.71428571428572 144.42857142857142 143.14285714285714 141.85714285714286 140.57142857142858 139.28571428571428 138.0
157.5 156.0 154.5 153.0 151.5 150.0 148.5 147.0 145.5 144.0 142.5 141.0 139.5 138.0 136.5
