225 20000
98778.0 103830.0 101331.0 102285.0 105735.0 107061.0 105834.0 108834.0 108681.0 114693.0 118044.0 124509.0 115113.0 122793.0 122463.0 103830.0 97332.0 103305.0 102423.0 103425.0 110124.0 109602.0 114471.0 107028.0 114747.0 115704.0 115944.0 121593.0 119319.0 121137.0 101331.0 103305.0 104820.0 105930.0 105756.0 109419.0 113466.0 108960.0 113085.0 110319.0 116427.0 114009.0 121104.0 116115.0 115938.0 102285.0 102423.0 105930.0 99528.0 107574.0 103023.0 110139.0 105546.0 115119.0 111732.0 128745.0 115344.0 112662.0 112158.0 127776.0 105735.0 103425.0 105756.0 107574.0 106998.0 108609.0 111948.0 111924.0 111351.0 112173.0 114198.0 114411.0 117048.0 112701.0 116133.0 107061.0 110124.0 109419.0 103023.0 108609.0 112440.0 110358.0 113820.0 110676.0 109245.0 109692.0 113241.0 113460.0 110931.0 117885.0 105834.0 109602.0 113466.0 110139.0 111948.0 110358.0 108900.0 112629.0 118677.0 105519.0 107196.0 110376.0 108978.0 115569.0 110793.0 108834.0 114471.0 108960.0 105546.0 111924.0 113820.0 112629.0 107526.0 111738.0 109467.0 112890.0 110349.0 111303.0 110145.0 110382.0 108681.0 107028.0 113085.0 115119.0 111351.0 110676.0 118677.0 111738.0 111372.0 114165.0 106134.0 108201.0 105801.0 110085.0 107871.0 114693.0 114747.0 110319.0 111732.0 112173.0 109245.0 105519.0 109467.0 114165.0 105900.0 111687.0 109671.0 114456.0 108867.0 107343.0 118044.0 115704.0 116427.0 128745.0 114198.0 109692.0 107196.0 112890.0 106134.0 111687.0 108126.0 103770.0 99858.0 106200.0 101313.0 124509.0 115944.0 114009.0 115344.0 114411.0 113241.0 110376.0 110349.0 108201.0 109671.0 103770.0 108762.0 106500.0 100275.0 104622.0 115113.0 121593.0 121104.0 112662.0 117048.0 113460.0 108978.0 111303.0 105801.0 114456.0 99858.0 106500.0 107298.0 106608.0 98202.0 122793.0 119319.0 116115.0 112158.0 112701.0 110931.0 115569.0 110145.0 110085.0 108867.0 106200.0 100275.0 106608.0 104700.0 103518.0 122463.0 121137.0 115938.0 127776.0 116133.0 117885.0 110793.0 110382.0 107871.0 107343.0 101313.0 104622.0 98202.0 103518.0 94608.0
1342.0 0.0 0.0 0.0 0.0 0.0 0.0 0.0 0.0 0.0 0.0 0.0 0.0 0.0 0.0 0.0 78.0 99.0 93.0 99.0 94.0 106.0 110.0 105.0 103.0 92.0 79.0 101.0 86.0 97.0 0.0 99.0 104.0 92.0 96.0 97.0 115.0 81.0 94.0 99.0 104.0 98.0 96.0 75.0 92.0 0.0 93.0 92.0 82.0 101.0 81.0 90.0 103.0 92.0 105.0 123.0 105.0 76.0 97.0 102.0 0.0 99.0 96.0 101.0 98.0 90.0 96.0 86.0 89.0 84.0 88.0 104.0 103.0 104.0 104.0 0.0 94.0 97.0 81.0 90.0 114.0 101.0 110.0 103.0 93.0 94.0 95.0 90.0 98.0 82.0 0.0 106.0 115.0 90.0 96.0 101.0 104.0 101.0 91.0 84.0 85.0 97.0 92.0 94.0 86.0 0.0 110.0 81.0 103.0 86.0 110.0 101.0 116.0 94.0 85.0 103.0 93.0 78.0 91.0 91.0 0.0 105.0 94.0 92.0 89.0 103.0 91.0 94.0 100.0 95.0 92.0 104.0 85.0 92.0 106.0 0.0 103.0 99.0 105.0 84.0 93.0 84.0 85.0 95.0 100.0 100.0 99.0 106.0 90.0 99.0 0.0 92.0 104.0 123.0 88.0 94.0 85.0 103.0 92.0 100.0 80.0 105.0 100.0 93.0 83.0 0.0 79.0 98.0 105.0 104.0 95.0 97.0 93.0 104.0 99.0 105.0 100.0 84.0 91.0 88.0 0.0 101.0 96.0 76.0 103.0 90.0 92.0 78.0 85.0 106.0 100.0 84.0 124.0 107.0 100.0 0.0 86.0 75.0 97.0 104.0 98.0 94.0 91.0 92.0 90.0 93.0 91.0 107.0 96.0 128.0 0.0 97.0 92.0 102.0 104.0 82.0 86.0 91.0 106.0 99.0 83.0 88.0 100.0 128.0 84.0
0.0 1367.0 0.0 0.0 0.0 0.0 0.0 0.0 0.0 0.0 0.0 0.0 0.0 0.0 0.0 112.0 0.0 92.0 101.0 84.0 88.0 92.0 104.0 92.0 103.0 98.0 102.0 102.0 89.0 108.0 101.0 0.0 102.0 102.0 79.0 94.0 102.0 91.0 104.0 106.0 93.0 99.0 87.0 103.0 104.0 86.0 0.0 104.0 93.0 111.0 96.0 88.0 92.0 89.0 106.0 118.0 96.0 85.0 97.0 106.0 84.0 0.0 97.0 82.0 97.0 102.0 103.0 105.0 105.0 83.0 100.0 107.0 90.0 99.0 113.0 110.0 0.0 91.0 110.0 90.0 99.0 91.0 104.0 76.0 103.0 86.0 94.0 112.0 108.0 93.0 102.0 0.0 95.0 107.0 94.0 107.0 105.0 101.0 102.0 98.0 94.0 84.0 86.0 103.0 89.0 101.0 0.0 88.0 101.0 94.0 103.0 111.0 86.0 92.0 98.0 89.0 121.0 90.0 97.0 96.0 106.0 0.0 112.0 83.0 100.0 84.0 111.0 102.0 92.0 100.0 92.0 89.0 112.0 102.0 82.0 89.0 0.0 86.0 98.0 116.0 97.0 74.0 113.0 122.0 79.0 114.0 109.0 102.0 81.0 87.0 97.0 0.0 89.0 112.0 87.0 92.0 103.0 100.0 111.0 97.0 95.0 98.0 91.0 97.0 98.0 101.0 0.0 87.0 101.0 114.0 102.0 102.0 98.0 88.0 84.0 97.0 89.0 116.0 88.0 100.0 97.0 0.0 102.0 108.0 90.0 102.0 101.0 97.0 101.0 104.0 79.0 85.0 105.0 103.0 93.0 97.0 0.0 100.0 85.0 100.0 95.0 91.0 94.0 85.0 118.0 93.0 109.0 88.0 106.0 106.0 84.0 0.0 122.0 84.0 111.0 106.0 93.0 80.0 108.0 88.0 119.0 85.0 101.0 94.0 92.0
0.0 0.0 1327.0 0.0 0.0 0.0 0.0 0.0 0.0 0.0 0.0 0.0 0.0 0.0 0.0 101.0 85.0 0.0 101.0 91.0 101.0 78.0 102.0 99.0 108.0 70.0 95.0 105.0 97.0 94.0 102.0 89.0 0.0 96.0 100.0 89.0 96.0 92.0 90.0 93.0 90.0 89.0 103.0 96.0 102.0 97.0 98.0 0.0 101.0 88.0 85.0 107.0 82.0 77.0 101.0 112.0 94.0 87.0 84.0 114.0 101.0 91.0 0.0 87.0 101.0 97.0 102.0 97.0 86.0 101.0 108.0 98.0 98.0 77.0 83.0 95.0 101.0 0.0 74.0 100.0 94.0 105.0 86.0 96.0 92.0 111.0 100.0 99.0 90.0 84.0 99.0 94.0 0.0 88.0 96.0 112.0 98.0 104.0 97.0 77.0 86.0 93.0 93.0 100.0 90.0 88.0 97.0 0.0 96.0 103.0 97.0 89.0 90.0 100.0 107.0 90.0 85.0 89.0 105.0 91.0 83.0 94.0 0.0 118.0 94.0 89.0 89.0 85.0 101.0 104.0 95.0 94.0 94.0 100.0 87.0 87.0 103.0 0.0 83.0 98.0 94.0 93.0 96.0 106.0 86.0 102.0 106.0 99.0 83.0 91.0 99.0 92.0 0.0 79.0 99.0 97.0 78.0 96.0 89.0 103.0 100.0 93.0 89.0 105.0 108.0 108.0 97.0 0.0 109.0 92.0 100.0 100.0 109.0 93.0 86.0 66.0 101.0 88.0 87.0 91.0 87.0 77.0 0.0 104.0 89.0 93.0 104.0 96.0 100.0 97.0 77.0 94.0 98.0 109.0 102.0 93.0 115.0 0.0 101.0 81.0 87.0 84.0 86.0 96.0 90.0 119.0 88.0 86.0 101.0 100.0 87.0 94.0 0.0 90.0 95.0 92.0 104.0 106.0 97.0 82.0 101.0 97.0 99.0 93.0 90.0
0.0 0.0 0.0 1308.0 0.0 0.0 0.0 0.0 0.0 0.0 0.0 0.0 0.0 0.0 0.0 86.0 95.0 83.0 0.0 91.0 110.0 80.0 91.0 91.0 107.0 96.0 81.0 96.0 93.0 108.0 97.0 102.0 102.0 0.0 112.0 100.0 87.0 81.0 100.0 81.0 78.0 91.0 103.0 86.0 88.0 96.0 102.0 91.0 0.0 102.0 107.0 97.0 91.0 98.0 78.0 96.0 87.0 78.0 94.0 91.0 82.0 89.0 107.0 0.0 101.0 75.0 89.0 105.0 96.0 103.0 98.0 91.0 96.0 81.0 95.0 97.0 94.0 86.0 0.0 88.0 95.0 85.0 102.0 95.0 96.0 87.0 92.0 105.0 107.0 79.0 76.0 109.0 86.0 0.0 97.0 95.0 98.0 101.0 90.0 80.0 96.0 82.0 94.0 98.0 106.0 87.0 82.0 91.0 0.0 93.0 103.0 102.0 92.0 79.0 93.0 105.0 87.0 102.0 107.0 85.0 91.0 75.0 93.0 0.0 105.0 109.0 94.0 68.0 102.0 113.0 81.0 100.0 101.0 82.0 94.0 89.0 89.0 86.0 0.0 84.0 84.0 97.0 93.0 112.0 108.0 79.0 101.0 94.0 95.0 97.0 101.0 76.0 107.0 0.0 91.0 82.0 101.0 86.0 82.0 100.0 103.0 106.0 91.0 87.0 95.0 90.0 108.0 96.0 0.0 76.0 89.0 76.0 111.0 84.0 105.0 95.0 108.0 70.0 103.0 97.0 104.0 102.0 100.0 0.0 88.0 89.0 87.0 92.0 87.0 81.0 112.0 91.0 76.0 93.0 106.0 112.0 99.0 86.0 0.0 85.0 80.0 107.0 113.0 103.0 91.0 89.0 82.0 101.0 91.0 69.0 100.0 86.0 94.0 0.0 95.0 90.0 108.0 82.0 89.0 72.0 93.0 109.0 101.0 91.0 98.0
0.0 0.0 0.0 0.0 1337.0 0.0 0.0 0.0 0.0 0.0 0.0 0.0 0.0 0.0 0.0 84.0 105.0 99.0 103.0 0.0 96.0 94.0 95.0 101.0 78.0 98.0 94.0 92.0 95.0 103.0 101.0 113.0 87.0 97.0 0.0 89.0 94.0 99.0 91.0 98.0 108.0 92.0 101.0 80.0 87.0 82.0 94.0 96.0 89.0 0.0 97.0 84.0 98.0 114.0 100.0 92.0 92.0 109.0 90.0 100.0 102.0 89.0 85.0 89.0 0.0 91.0 107.0 97.0 100.0 107.0 80.0 93.0 107.0 108.0 82.0 111.0 102.0 102.0 93.0 0.0 107.0 83.0 96.0 99.0 93.0 95.0 102.0 80.0 69.0 105.0 79.0 93.0 97.0 95.0 0.0 95.0 83.0 88.0 92.0 93.0 107.0 109.0 93.0 101.0 112.0 87.0 109.0 108.0 108.0 0.0 91.0 95.0 86.0 96.0 93.0 95.0 87.0 80.0 104.0 98.0 84.0 104.0 102.0 97.0 0.0 95.0 96.0 91.0 89.0 95.0 96.0 91.0 94.0 102.0 101.0 94.0 94.0 95.0 107.0 0.0 104.0 86.0 101.0 103.0 90.0 81.0 85.0 99.0 106.0 92.0 109.0 68.0 106.0 104.0 0.0 78.0 108.0 106.0 82.0 120.0 102.0 95.0 82.0 97.0 80.0 111.0 90.0 91.0 77.0 0.0 99.0 109.0 95.0 101.0 76.0 102.0 104.0 111.0 84.0 87.0 90.0 96.0 94.0 87.0 0.0 105.0 105.0 87.0 82.0 98.0 76.0 101.0 108.0 114.0 94.0 100.0 95.0 87.0 86.0 0.0 87.0 95.0 103.0 96.0 108.0 105.0 86.0 89.0 94.0 106.0 103.0 85.0 88.0 105.0 0.0 103.0 98.0 95.0 91.0 88.0 100.0 106.0 92.0 93.0 90.0
0.0 0.0 0.0 0.0 0.0 1329.0 0.0 0.0 0.0 0.0 0.0 0.0 0.0 0.0 0.0 110.0 94.0 87.0 109.0 81.0 0.0 118.0 91.0 83.0 99.0 85.0 84.0 84.0 102.0 102.0 95.0 77.0 105.0 88.0 99.0 0.0 110.0 80.0 90.0 81.0 117.0 88.0 94.0 93.0 112.0 97.0 84.0 89.0 91.0 96.0 0.0 89.0 108.0 108.0 94.0 95.0 114.0 80.0 80.0 104.0 111.0 94.0 94.0 99.0 83.0 0.0 94.0 89.0 103.0 88.0 104.0 94.0 99.0 84.0 93.0 96.0 103.0 104.0 110.0 93.0 0.0 82.0 80.0 105.0 101.0 92.0 100.0 88.0 75.0 100.0 94.0 98.0 99.0 85.0 90.0 0.0 83.0 100.0 103.0 98.0 89.0 98.0 103.0 98.0 91.0 88.0 101.0 101.0 80.0 93.0 0.0 90.0 116.0 90.0 99.0 99.0 90.0 109.0 89.0 84.0 82.0 103.0 75.0 101.0 85.0 0.0 108.0 121.0 91.0 87.0 86.0 95.0 97.0 102.0 96.0 86.0 117.0 91.0 94.0 103.0 0.0 94.0 95.0 88.0 89.0 92.0 84.0 94.0 104.0 98.0 108.0 100.0 76.0 103.0 103.0 0.0 89.0 101.0 92.0 93.0 94.0 95.0 76.0 105.0 94.0 98.0 77.0 111.0 97.0 106.0 0.0 77.0 84.0 85.0 108.0 106.0 93.0 108.0 78.0 101.0 101.0 87.0 97.0 85.0 98.0 0.0 88.0 86.0 103.0 108.0 93.0 95.0 106.0 102.0 80.0 82.0 98.0 99.0 80.0 112.0 0.0 99.0 85.0 93.0 100.0 89.0 92.0 104.0 115.0 81.0 81.0 96.0 101.0 107.0 87.0 0.0 108.0 93.0 95.0 84.0 88.0 107.0 87.0 102.0 93.0
0.0 0.0 0.0 0.0 0.0 0.0 1290.0 0.0 0.0 0.0 0.0 0.0 0.0 0.0 0.0 102.0 85.0 100.0 115.0 89.0 92.0 0.0 88.0 70.0 90.0 92.0 110.0 98.0 89.0 70.0 99.0 90.0 98.0 74.0 100.0 87.0 0.0 89.0 87.0 79.0 88.0 88.0 94.0 122.0 95.0 76.0 90.0 91.0 103.0 91.0 96.0 0.0 103.0 103.0 86.0 101.0 86.0 94.0 79.0 91.0 79.0 98.0 83.0 87.0 87.0 90.0 0.0 105.0 100.0 85.0 97.0 86.0 93.0 104.0 96.0 94.0 96.0 75.0 88.0 102.0 96.0 0.0 94.0 82.0 88.0 103.0 103.0 97.0 83.0 89.0 88.0 72.0 88.0 93.0 90.0 86.0 0.0 104.0 113.0 93.0 106.0 87.0 79.0 87.0 104.0 93.0 113.0 100.0 100.0 99.0 92.0 0.0 76.0 88.0 87.0 81.0 92.0 80.0 91.0 98.0 101.0 74.0 98.0 87.0 100.0 83.0 0.0 97.0 103.0 102.0 84.0 93.0 79.0 94.0 95.0 91.0 82.0 94.0 85.0 81.0 88.0 0.0 107.0 95.0 77.0 107.0 97.0 112.0 85.0 89.0 90.0 106.0 99.0 105.0 93.0 105.0 0.0 83.0 94.0 91.0 89.0 79.0 75.0 94.0 87.0 104.0 108.0 90.0 81.0 78.0 92.0 0.0 71.0 91.0 112.0 78.0 105.0 86.0 89.0 105.0 87.0 103.0 98.0 85.0 98.0 94.0 0.0 77.0 92.0 92.0 86.0 94.0 100.0 99.0 85.0 91.0 82.0 91.0 87.0 92.0 93.0 0.0 87.0 91.0 102.0 95.0 90.0 106.0 91.0 92.0 95.0 91.0 85.0 100.0 90.0 96.0 0.0 109.0 81.0 106.0 83.0 80.0 97.0 83.0 94.0
0.0 0.0 0.0 0.0 0.0 0.0 0.0 1318.0 0.0 0.0 0.0 0.0 0.0 0.0 0.0 101.0 99.0 101.0 84.0 91.0 93.0 103.0 0.0 89.0 99.0 96.0 103.0 86.0 85.0 88.0 88.0 91.0 89.0 104.0 93.0 99.0 105.0 0.0 98.0 102.0 90.0 98.0 94.0 80.0 87.0 87.0 91.0 93.0 89.0 95.0 89.0 97.0 0.0 107.0 98.0 100.0 99.0 83.0 90.0 100.0 87.0 91.0 85.0 100.0 96.0 82.0 108.0 0.0 100.0 92.0 107.0 94.0 95.0 92.0 89.0 88.0 108.0 102.0 65.0 94.0 114.0 85.0 0.0 88.0 97.0 96.0 94.0 90.0 87.0 110.0 93.0 88.0 89.0 97.0 96.0 101.0 86.0 0.0 100.0 88.0 87.0 109.0 100.0 82.0 102.0 92.0 89.0 103.0 76.0 105.0 100.0 91.0 0.0 90.0 109.0 91.0 96.0 107.0 87.0 82.0 96.0 100.0 108.0 80.0 97.0 99.0 100.0 0.0 86.0 88.0 102.0 87.0 89.0 92.0 94.0 109.0 102.0 83.0 113.0 99.0 102.0 85.0 0.0 81.0 91.0 94.0 74.0 89.0 101.0 95.0 100.0 92.0 101.0 99.0 118.0 70.0 99.0 0.0 91.0 80.0 98.0 81.0 98.0 101.0 90.0 98.0 88.0 97.0 98.0 87.0 98.0 90.0 0.0 110.0 88.0 81.0 117.0 95.0 97.0 74.0 97.0 92.0 95.0 94.0 84.0 89.0 84.0 0.0 102.0 90.0 90.0 106.0 87.0 108.0 100.0 101.0 98.0 96.0 95.0 74.0 92.0 89.0 0.0 82.0 94.0 87.0 82.0 111.0 114.0 103.0 81.0 89.0 76.0 124.0 89.0 90.0 96.0 0.0 94.0 102.0 99.0 78.0 94.0 102.0 104.0
0.0 0.0 0.0 0.0 0.0 0.0 0.0 0.0 1287.0 0.0 0.0 0.0 0.0 0.0 0.0 106.0 78.0 85.0 88.0 92.0 95.0 81.0 97.0 0.0 78.0 110.0 103.0 99.0 83.0 92.0 83.0 93.0 80.0 100.0 86.0 98.0 87.0 88.0 0.0 101.0 96.0 86.0 93.0 100.0 96.0 91.0 98.0 118.0 85.0 74.0 93.0 97.0 95.0 0.0 93.0 93.0 90.0 80.0 91.0 89.0 84.0 113.0 97.0 90.0 95.0 85.0 96.0 82.0 0.0 100.0 84.0 90.0 102.0 80.0 89.0 82.0 95.0 86.0 85.0 82.0 108.0 101.0 96.0 0.0 86.0 94.0 92.0 91.0 87.0 102.0 101.0 84.0 100.0 98.0 108.0 83.0 87.0 90.0 0.0 87.0 95.0 87.0 95.0 90.0 82.0 96.0 105.0 83.0 86.0 99.0 89.0 80.0 89.0 0.0 87.0 92.0 93.0 99.0 96.0 93.0 82.0 88.0 82.0 96.0 85.0 84.0 95.0 99.0 0.0 106.0 91.0 93.0 97.0 93.0 96.0 92.0 93.0 99.0 91.0 91.0 94.0 91.0 95.0 0.0 87.0 85.0 99.0 90.0 95.0 85.0 105.0 89.0 93.0 95.0 84.0 89.0 85.0 85.0 0.0 88.0 82.0 81.0 101.0 91.0 119.0 102.0 82.0 91.0 114.0 104.0 78.0 89.0 106.0 0.0 93.0 92.0 77.0 72.0 100.0 87.0 79.0 80.0 104.0 76.0 95.0 92.0 102.0 89.0 0.0 100.0 93.0 106.0 85.0 96.0 90.0 96.0 86.0 91.0 82.0 97.0 97.0 107.0 90.0 0.0 75.0 95.0 88.0 92.0 95.0 96.0 88.0 103.0 78.0 101.0 95.0 102.0 89.0 86.0 0.0 106.0 85.0 102.0 91.0 90.0 71.0
0.0 0.0 0.0 0.0 0.0 0.0 0.0 0.0 0.0 1323.0 0.0 0.0 0.0 0.0 0.0 89.0 76.0 91.0 68.0 85.0 107.0 95.0 110.0 94.0 0.0 115.0 103.0 102.0 90.0 98.0 87.0 101.0 81.0 93.0 84.0 99.0 87.0 107.0 101.0 0.0 91.0 97.0 107.0 92.0 96.0 89.0 92.0 78.0 96.0 107.0 99.0 94.0 74.0 88.0 0.0 103.0 103.0 97.0 93.0 110.0 94.0 77.0 93.0 99.0 100.0 90.0 101.0 99.0 91.0 0.0 94.0 91.0 100.0 99.0 95.0 86.0 96.0 95.0 96.0 94.0 85.0 98.0 111.0 96.0 0.0 90.0 85.0 101.0 107.0 83.0 91.0 110.0 119.0 74.0 95.0 82.0 75.0 99.0 102.0 0.0 77.0 107.0 98.0 99.0 95.0 109.0 98.0 88.0 98.0 79.0 110.0 109.0 82.0 88.0 0.0 100.0 97.0 92.0 83.0 90.0 92.0 75.0 87.0 95.0 97.0 86.0 120.0 101.0 95.0 0.0 89.0 105.0 89.0 94.0 98.0 98.0 87.0 86.0 86.0 103.0 91.0 89.0 92.0 82.0 0.0 99.0 97.0 116.0 109.0 88.0 94.0 104.0 93.0 121.0 93.0 103.0 96.0 80.0 88.0 0.0 108.0 93.0 78.0 98.0 74.0 89.0 111.0 104.0 106.0 93.0 98.0 85.0 95.0 103.0 0.0 88.0 85.0 78.0 97.0 91.0 86.0 100.0 101.0 106.0 111.0 80.0 86.0 93.0 97.0 0.0 92.0 82.0 99.0 81.0 109.0 106.0 105.0 110.0 77.0 85.0 93.0 99.0 94.0 107.0 0.0 90.0 103.0 82.0 83.0 89.0 113.0 91.0 97.0 108.0 97.0 100.0 89.0 86.0 91.0 0.0 87.0 75.0 84.0 98.0 107.0
0.0 0.0 0.0 0.0 0.0 0.0 0.0 0.0 0.0 0.0 1360.0 0.0 0.0 0.0 0.0 97.0 101.0 89.0 93.0 88.0 113.0 93.0 104.0 96.0 110.0 0.0 90.0 85.0 107.0 94.0 99.0 94.0 104.0 90.0 98.0 92.0 91.0 102.0 105.0 93.0 0.0 98.0 105.0 101.0 88.0 101.0 98.0 99.0 105.0 91.0 93.0 96.0 88.0 92.0 97.0 0.0 120.0 90.0 81.0 109.0 109.0 93.0 92.0 99.0 91.0 108.0 88.0 95.0 101.0 96.0 0.0 101.0 96.0 83.0 108.0 108.0 103.0 95.0 92.0 91.0 95.0 89.0 96.0 93.0 96.0 0.0 87.0 109.0 108.0 98.0 90.0 103.0 101.0 102.0 97.0 90.0 111.0 101.0 83.0 92.0 0.0 91.0 98.0 104.0 97.0 100.0 91.0 94.0 86.0 103.0 96.0 91.0 95.0 110.0 92.0 0.0 88.0 98.0 109.0 107.0 105.0 87.0 116.0 100.0 84.0 98.0 98.0 92.0 107.0 97.0 0.0 93.0 82.0 106.0 95.0 94.0 107.0 106.0 88.0 94.0 106.0 107.0 88.0 90.0 93.0 0.0 98.0 95.0 96.0 98.0 94.0 88.0 110.0 115.0 99.0 96.0 100.0 104.0 108.0 71.0 0.0 95.0 99.0 87.0 94.0 76.0 89.0 90.0 96.0 102.0 88.0 101.0 88.0 98.0 112.0 0.0 109.0 100.0 110.0 101.0 92.0 106.0 81.0 88.0 102.0 96.0 103.0 99.0 98.0 114.0 0.0 92.0 116.0 92.0 81.0 85.0 105.0 88.0 89.0 121.0 98.0 102.0 107.0 89.0 98.0 0.0 97.0 108.0 89.0 84.0 110.0 95.0 95.0 117.0 99.0 91.0 90.0 101.0 90.0 99.0 0.0 101.0 79.0 87.0 106.0
0.0 0.0 0.0 0.0 0.0 0.0 0.0 0.0 0.0 0.0 0.0 1413.0 0.0 0.0 0.0 101.0 115.0 87.0 93.0 100.0 105.0 93.0 113.0 84.0 95.0 107.0 0.0 108.0 124.0 88.0 108.0 96.0 91.0 102.0 100.0 107.0 92.0 113.0 114.0 93.0 105.0 0.0 94.0 106.0 92.0 90.0 108.0 107.0 101.0 105.0 77.0 92.0 89.0 107.0 97.0 135.0 0.0 83.0 108.0 114.0 111.0 94.0 100.0 114.0 84.0 97.0 102.0 96.0 86.0 90.0 107.0 0.0 102.0 111.0 119.0 98.0 109.0 109.0 93.0 106.0 104.0 114.0 104.0 101.0 85.0 88.0 0.0 95.0 99.0 108.0 104.0 82.0 98.0 91.0 104.0 94.0 98.0 101.0 130.0 108.0 102.0 0.0 104.0 100.0 97.0 98.0 107.0 111.0 97.0 89.0 104.0 126.0 88.0 103.0 89.0 89.0 0.0 106.0 94.0 112.0 102.0 83.0 107.0 98.0 100.0 107.0 114.0 106.0 101.0 116.0 90.0 0.0 96.0 89.0 104.0 89.0 97.0 83.0 105.0 99.0 99.0 100.0 102.0 112.0 98.0 120.0 0.0 107.0 106.0 96.0 76.0 110.0 106.0 115.0 114.0 101.0 92.0 108.0 92.0 96.0 111.0 0.0 89.0 103.0 100.0 136.0 111.0 82.0 95.0 101.0 101.0 109.0 84.0 92.0 113.0 98.0 0.0 114.0 77.0 100.0 92.0 105.0 117.0 100.0 107.0 99.0 91.0 117.0 107.0 108.0 82.0 0.0 93.0 99.0 96.0 106.0 93.0 105.0 111.0 105.0 104.0 107.0 98.0 92.0 113.0 72.0 0.0 112.0 108.0 87.0 102.0 103.0 110.0 98.0 99.0 114.0 83.0 94.0 92.0 112.0 107.0 0.0 110.0 89.0 100.0
0.0 0.0 0.0 0.0 0.0 0.0 0.0 0.0 0.0 0.0 0.0 0.0 1293.0 0.0 0.0 97.0 94.0 101.0 93.0 108.0 93.0 91.0 78.0 78.0 103.0 94.0 85.0 0.0 98.0 80.0 87.0 95.0 84.0 89.0 76.0 92.0 94.0 93.0 99.0 86.0 99.0 104.0 0.0 93.0 102.0 104.0 102.0 97.0 77.0 89.0 87.0 97.0 94.0 87.0 94.0 107.0 83.0 0.0 79.0 96.0 90.0 90.0 86.0 89.0 99.0 106.0 94.0 101.0 86.0 94.0 92.0 95.0 0.0 89.0 82.0 101.0 89.0 103.0 98.0 80.0 91.0 86.0 77.0 99.0 94.0 76.0 102.0 0.0 92.0 105.0 87.0 97.0 81.0 97.0 94.0 101.0 93.0 93.0 99.0 88.0 80.0 79.0 0.0 110.0 94.0 97.0 91.0 103.0 85.0 104.0 95.0 71.0 88.0 91.0 79.0 109.0 105.0 0.0 85.0 90.0 79.0 88.0 88.0 92.0 103.0 87.0 110.0 79.0 87.0 91.0 107.0 106.0 0.0 89.0 87.0 86.0 88.0 93.0 95.0 87.0 96.0 95.0 90.0 105.0 94.0 84.0 99.0 0.0 97.0 84.0 92.0 96.0 91.0 118.0 84.0 87.0 92.0 92.0 88.0 111.0 82.0 86.0 0.0 80.0 94.0 92.0 95.0 92.0 86.0 92.0 91.0 93.0 109.0 88.0 86.0 90.0 75.0 0.0 105.0 99.0 88.0 97.0 96.0 89.0 102.0 104.0 93.0 109.0 85.0 94.0 85.0 83.0 0.0 82.0 86.0 99.0 85.0 88.0 93.0 78.0 75.0 93.0 87.0 104.0 95.0 104.0 99.0 0.0 105.0 88.0 94.0 86.0 90.0 92.0 97.0 88.0 91.0 103.0 97.0 84.0 84.0 92.0 0.0 89.0 106.0
0.0 0.0 0.0 0.0 0.0 0.0 0.0 0.0 0.0 0.0 0.0 0.0 0.0 1365.0 0.0 97.0 108.0 95.0 100.0 93.0 109.0 108.0 106.0 84.0 94.0 77.0 99.0 96.0 0.0 99.0 93.0 89.0 113.0 115.0 108.0 92.0 100.0 93.0 85.0 95.0 102.0 92.0 112.0 0.0 76.0 112.0 97.0 96.0 90.0 91.0 89.0 91.0 81.0 103.0 96.0 104.0 98.0 116.0 0.0 101.0 100.0 79.0 103.0 86.0 92.0 100.0 93.0 107.0 96.0 117.0 91.0 109.0 89.0 0.0 103.0 82.0 103.0 92.0 95.0 102.0 102.0 101.0 104.0 99.0 105.0 95.0 98.0 73.0 0.0 114.0 91.0 84.0 107.0 114.0 92.0 101.0 108.0 81.0 123.0 65.0 100.0 100.0 104.0 0.0 95.0 101.0 89.0 79.0 85.0 105.0 94.0 97.0 91.0 112.0 120.0 99.0 104.0 101.0 0.0 88.0 96.0 94.0 101.0 115.0 90.0 83.0 108.0 105.0 103.0 101.0 93.0 84.0 96.0 0.0 96.0 106.0 111.0 97.0 96.0 102.0 95.0 78.0 91.0 88.0 85.0 106.0 106.0 98.0 0.0 106.0 85.0 115.0 91.0 94.0 100.0 89.0 82.0 106.0 95.0 99.0 111.0 97.0 101.0 0.0 100.0 106.0 98.0 86.0 85.0 101.0 110.0 105.0 98.0 92.0 94.0 107.0 90.0 101.0 0.0 92.0 99.0 100.0 114.0 89.0 103.0 86.0 96.0 103.0 79.0 103.0 90.0 97.0 108.0 0.0 98.0 90.0 91.0 94.0 105.0 83.0 110.0 93.0 98.0 111.0 91.0 105.0 92.0 96.0 0.0 106.0 107.0 107.0 97.0 96.0 103.0 105.0 105.0 101.0 95.0 100.0 85.0 99.0 74.0 0.0 91.0
0.0 0.0 0.0 0.0 0.0 0.0 0.0 0.0 0.0 0.0 0.0 0.0 0.0 0.0 1341.0 84.0 107.0 110.0 97.0 84.0 92.0 85.0 104.0 104.0 94.0 92.0 98.0 94.0 96.0 0.0 87.0 90.0 110.0 94.0 90.0 99.0 114.0 100.0 89.0 90.0 97.0 98.0 97.0 86.0 0.0 100.0 91.0 85.0 78.0 89.0 91.0 102.0 96.0 98.0 89.0 108.0 80.0 120.0 114.0 0.0 103.0 79.0 103.0 108.0 92.0 109.0 87.0 84.0 94.0 91.0 107.0 88.0 98.0 98.0 0.0 81.0 95.0 97.0 100.0 110.0 88.0 111.0 120.0 85.0 90.0 87.0 94.0 94.0 89.0 0.0 95.0 97.0 99.0 90.0 111.0 84.0 91.0 94.0 98.0 109.0 96.0 97.0 78.0 102.0 0.0 81.0 111.0 79.0 93.0 96.0 96.0 105.0 103.0 96.0 95.0 100.0 99.0 92.0 95.0 0.0 88.0 100.0 84.0 109.0 104.0 110.0 89.0 89.0 93.0 99.0 103.0 85.0 92.0 96.0 0.0 113.0 88.0 99.0 88.0 90.0 76.0 87.0 85.0 115.0 111.0 87.0 105.0 96.0 101.0 0.0 110.0 94.0 92.0 104.0 104.0 111.0 90.0 92.0 97.0 101.0 87.0 86.0 82.0 91.0 0.0 102.0 93.0 103.0 97.0 91.0 97.0 87.0 96.0 90.0 103.0 85.0 117.0 103.0 77.0 0.0 94.0 102.0 85.0 91.0 98.0 105.0 85.0 100.0 85.0 102.0 97.0 116.0 85.0 96.0 0.0 107.0 96.0 103.0 89.0 92.0 90.0 108.0 100.0 92.0 84.0 93.0 84.0 99.0 104.0 0.0 96.0 98.0 92.0 103.0 90.0 93.0 100.0 78.0 105.0 83.0 102.0 94.0 111.0 96.0 0.0
0.0 112.0 101.0 86.0 84.0 110.0 102.0 101.0 106.0 89.0 97.0 101.0 97.0 97.0 84.0 1367.0 0.0 0.0 0.0 0.0 0.0 0.0 0.0 0.0 0.0 0.0 0.0 0.0 0.0 0.0 0.0 92.0 102.0 104.0 97.0 91.0 95.0 88.0 112.0 86.0 89.0 87.0 102.0 100.0 122.0 0.0 101.0 102.0 93.0 82.0 110.0 107.0 101.0 83.0 98.0 112.0 101.0 108.0 85.0 84.0 0.0 84.0 79.0 111.0 97.0 90.0 94.0 94.0 100.0 116.0 87.0 114.0 90.0 100.0 111.0 0.0 88.0 94.0 96.0 102.0 99.0 107.0 103.0 84.0 97.0 92.0 102.0 102.0 95.0 106.0 0.0 92.0 102.0 88.0 103.0 91.0 105.0 111.0 111.0 74.0 103.0 102.0 101.0 91.0 93.0 0.0 104.0 91.0 92.0 105.0 104.0 101.0 86.0 102.0 113.0 100.0 98.0 97.0 94.0 80.0 0.0 92.0 104.0 89.0 105.0 76.0 102.0 92.0 92.0 122.0 111.0 88.0 101.0 85.0 108.0 0.0 103.0 106.0 106.0 83.0 103.0 98.0 98.0 100.0 79.0 97.0 84.0 104.0 118.0 88.0 0.0 98.0 93.0 118.0 100.0 86.0 94.0 89.0 92.0 114.0 95.0 97.0 79.0 93.0 119.0 0.0 102.0 99.0 96.0 107.0 94.0 84.0 121.0 89.0 109.0 98.0 89.0 85.0 109.0 85.0 0.0 102.0 87.0 85.0 90.0 112.0 86.0 90.0 112.0 102.0 91.0 116.0 105.0 88.0 101.0 0.0 89.0 103.0 97.0 99.0 108.0 103.0 97.0 102.0 81.0 97.0 88.0 103.0 106.0 94.0 0.0 108.0 104.0 106.0 113.0 93.0 89.0 96.0 82.0 87.0 98.0 100.0 93.0 106.0 92.0
78.0 0.0 85.0 95.0 105.0 94.0 85.0 99.0 78.0 76.0 101.0 115.0 94.0 108.0 107.0 0.0 1320.0 0.0 0.0 0.0 0.0 0.0 0.0 0.0 0.0 0.0 0.0 0.0 0.0 0.0 85.0 0.0 134.0 92.0 94.0 77.0 96.0 111.0 96.0 88.0 95.0 88.0 103.0 75.0 86.0 95.0 0.0 92.0 92.0 90.0 95.0 76.0 97.0 109.0 94.0 99.0 93.0 90.0 95.0 103.0 105.0 0.0 94.0 90.0 74.0 110.0 90.0 106.0 82.0 101.0 102.0 88.0 89.0 98.0 91.0 94.0 0.0 77.0 95.0 110.0 116.0 93.0 103.0 94.0 69.0 103.0 104.0 90.0 86.0 86.0 85.0 0.0 96.0 76.0 90.0 93.0 92.0 101.0 88.0 106.0 105.0 98.0 86.0 95.0 109.0 99.0 0.0 111.0 97.0 106.0 103.0 101.0 64.0 96.0 93.0 90.0 85.0 88.0 99.0 88.0 78.0 0.0 96.0 109.0 82.0 94.0 88.0 96.0 92.0 116.0 96.0 105.0 97.0 74.0 97.0 76.0 0.0 88.0 94.0 101.0 69.0 106.0 93.0 116.0 88.0 88.0 90.0 108.0 125.0 78.0 101.0 0.0 95.0 99.0 102.0 103.0 105.0 90.0 96.0 88.0 80.0 91.0 77.0 89.0 104.0 115.0 0.0 88.0 93.0 88.0 104.0 98.0 85.0 105.0 90.0 91.0 100.0 87.0 83.0 93.0 94.0 0.0 103.0 90.0 89.0 90.0 86.0 88.0 97.0 108.0 77.0 87.0 98.0 107.0 106.0 108.0 0.0 75.0 95.0 98.0 86.0 95.0 99.0 74.0 125.0 89.0 83.0 107.0 86.0 100.0 107.0 0.0 86.0 103.0 91.0 86.0 109.0 88.0 97.0 78.0 104.0 93.0 106.0 100.0 72.0
99.0 92.0 0.0 83.0 99.0 87.0 100.0 101.0 85.0 91.0 89.0 87.0 101.0 95.0 110.0 0.0 0.0 1319.0 0.0 0.0 0.0 0.0 0.0 0.0 0.0 0.0 0.0 0.0 0.0 0.0 89.0 102.0 0.0 117.0 90.0 100.0 98.0 93.0 95.0 92.0 92.0 88.0 89.0 99.0 75.0 102.0 106.0 0.0 73.0 110.0 85.0 76.0 108.0 98.0 77.0 101.0 90.0 97.0 101.0 95.0 113.0 92.0 0.0 102.0 75.0 84.0 105.0 84.0 95.0 86.0 84.0 90.0 114.0 96.0 99.0 77.0 96.0 0.0 87.0 99.0 113.0 83.0 100.0 91.0 107.0 92.0 108.0 90.0 86.0 90.0 90.0 88.0 0.0 106.0 87.0 86.0 92.0 88.0 100.0 86.0 96.0 91.0 104.0 92.0 113.0 91.0 79.0 0.0 95.0 95.0 96.0 110.0 96.0 97.0 91.0 97.0 97.0 93.0 93.0 89.0 93.0 92.0 0.0 99.0 90.0 103.0 112.0 82.0 94.0 99.0 94.0 98.0 98.0 90.0 75.0 101.0 96.0 0.0 96.0 99.0 84.0 81.0 100.0 95.0 100.0 85.0 99.0 85.0 102.0 96.0 94.0 90.0 0.0 81.0 92.0 100.0 98.0 99.0 93.0 103.0 96.0 98.0 85.0 103.0 87.0 96.0 84.0 0.0 108.0 100.0 89.0 96.0 82.0 99.0 93.0 85.0 100.0 102.0 89.0 96.0 95.0 93.0 0.0 100.0 100.0 88.0 86.0 96.0 89.0 100.0 103.0 87.0 90.0 93.0 99.0 89.0 102.0 0.0 82.0 97.0 104.0 85.0 98.0 94.0 89.0 113.0 101.0 84.0 91.0 90.0 90.0 107.0 0.0 90.0 86.0 100.0 97.0 92.0 94.0 105.0 92.0 85.0 87.0 89.0 105.0
93.0 101.0 101.0 0.0 103.0 109.0 115.0 84.0 88.0 68.0 93.0 93.0 93.0 100.0 97.0 0.0 0.0 0.0 1338.0 0.0 0.0 0.0 0.0 0.0 0.0 0.0 0.0 0.0 0.0 0.0 98.0 106.0 91.0 0.0 95.0 85.0 97.0 89.0 106.0 103.0 95.0 89.0 96.0 99.0 89.0 102.0 76.0 92.0 0.0 102.0 88.0 89.0 94.0 100.0 101.0 107.0 95.0 98.0 89.0 105.0 94.0 86.0 96.0 0.0 112.0 102.0 105.0 96.0 79.0 91.0 102.0 92.0 84.0 104.0 95.0 84.0 106.0 101.0 0.0 91.0 79.0 92.0 108.0 89.0 108.0 97.0 94.0 106.0 81.0 102.0 90.0 84.0 87.0 0.0 104.0 97.0 77.0 94.0 114.0 84.0 104.0 114.0 89.0 122.0 78.0 91.0 93.0 94.0 0.0 105.0 96.0 101.0 86.0 86.0 98.0 84.0 111.0 104.0 78.0 111.0 98.0 109.0 95.0 0.0 83.0 92.0 90.0 109.0 108.0 106.0 100.0 89.0 79.0 94.0 86.0 92.0 102.0 95.0 0.0 88.0 99.0 86.0 89.0 99.0 89.0 111.0 97.0 110.0 82.0 99.0 98.0 98.0 89.0 0.0 87.0 115.0 97.0 94.0 100.0 96.0 98.0 96.0 85.0 83.0 102.0 108.0 91.0 96.0 0.0 91.0 88.0 110.0 90.0 91.0 100.0 86.0 96.0 103.0 90.0 98.0 102.0 100.0 97.0 0.0 87.0 98.0 89.0 106.0 99.0 107.0 70.0 81.0 92.0 119.0 91.0 97.0 92.0 110.0 0.0 103.0 104.0 89.0 97.0 94.0 103.0 77.0 97.0 106.0 90.0 79.0 91.0 94.0 94.0 0.0 87.0 86.0 101.0 102.0 85.0 84.0 114.0 94.0 93.0 107.0 106.0
99.0 84.0 91.0 91.0 0.0 81.0 89.0 91.0 92.0 85.0 88.0 100.0 108.0 93.0 84.0 0.0 0.0 0.0 0.0 1276.0 0.0 0.0 0.0 0.0 0.0 0.0 0.0 0.0 0.0 0.0 91.0 92.0 88.0 88.0 0.0 103.0 98.0 103.0 86.0 80.0 91.0 86.0 82.0 97.0 91.0 89.0 86.0 103.0 87.0 0.0 85.0 91.0 76.0 83.0 76.0 117.0 89.0 91.0 99.0 104.0 89.0 78.0 100.0 97.0 0.0 77.0 81.0 92.0 90.0 92.0 101.0 110.0 95.0 85.0 89.0 94.0 82.0 104.0 78.0 0.0 77.0 99.0 101.0 94.0 108.0 78.0 95.0 89.0 89.0 88.0 98.0 105.0 84.0 98.0 0.0 108.0 89.0 88.0 94.0 88.0 86.0 83.0 85.0 85.0 85.0 91.0 97.0 84.0 89.0 0.0 87.0 88.0 92.0 94.0 93.0 102.0 89.0 89.0 81.0 100.0 113.0 95.0 84.0 90.0 0.0 96.0 96.0 88.0 109.0 77.0 76.0 71.0 97.0 95.0 89.0 77.0 88.0 86.0 82.0 0.0 91.0 101.0 97.0 105.0 95.0 102.0 86.0 93.0 81.0 92.0 93.0 108.0 97.0 91.0 0.0 83.0 84.0 77.0 98.0 91.0 93.0 101.0 75.0 97.0 88.0 94.0 83.0 99.0 102.0 0.0 99.0 88.0 95.0 82.0 95.0 84.0 93.0 87.0 79.0 96.0 90.0 92.0 90.0 99.0 0.0 93.0 95.0 96.0 78.0 115.0 82.0 87.0 93.0 97.0 69.0 79.0 90.0 81.0 91.0 0.0 90.0 93.0 80.0 85.0 94.0 99.0 94.0 110.0 98.0 92.0 79.0 96.0 85.0 93.0 0.0 106.0 84.0 100.0 86.0 87.0 77.0 92.0 82.0 100.0 109.0
94.0 88.0 101.0 110.0 96.0 0.0 92.0 93.0 95.0 107.0 113.0 105.0 93.0 109.0 92.0 0.0 0.0 0.0 0.0 0.0 1388.0 0.0 0.0 0.0 0.0 0.0 0.0 0.0 0.0 0.0 101.0 96.0 103.0 101.0 115.0 0.0 102.0 96.0 88.0 93.0 105.0 96.0 98.0 93.0 101.0 94.0 106.0 101.0 92.0 91.0 0.0 96.0 107.0 122.0 106.0 101.0 82.0 88.0 90.0 112.0 102.0 82.0 98.0 97.0 110.0 0.0 104.0 102.0 99.0 85.0 114.0 95.0 91.0 112.0 97.0 103.0 92.0 86.0 80.0 92.0 0.0 98.0 95.0 107.0 95.0 93.0 90.0 103.0 130.0 124.0 96.0 101.0 98.0 110.0 92.0 0.0 104.0 115.0 99.0 98.0 96.0 91.0 98.0 85.0 105.0 108.0 96.0 94.0 99.0 87.0 0.0 107.0 101.0 97.0 117.0 87.0 107.0 90.0 101.0 97.0 95.0 105.0 101.0 95.0 105.0 0.0 113.0 94.0 93.0 110.0 95.0 94.0 91.0 109.0 88.0 96.0 102.0 92.0 91.0 107.0 0.0 93.0 96.0 105.0 106.0 98.0 120.0 93.0 95.0 94.0 103.0 108.0 110.0 106.0 99.0 0.0 98.0 101.0 93.0 86.0 112.0 93.0 102.0 94.0 83.0 109.0 114.0 109.0 97.0 90.0 0.0 89.0 110.0 98.0 88.0 100.0 112.0 93.0 87.0 92.0 89.0 101.0 98.0 104.0 119.0 0.0 109.0 97.0 96.0 104.0 77.0 93.0 133.0 73.0 95.0 103.0 103.0 95.0 91.0 88.0 0.0 100.0 96.0 95.0 97.0 96.0 101.0 104.0 113.0 106.0 95.0 94.0 102.0 115.0 97.0 0.0 83.0 85.0 101.0 96.0 101.0 109.0 111.0 97.0 102.0
106.0 92.0 78.0 80.0 94.0 118.0 0.0 103.0 81.0 95.0 93.0 93.0 91.0 108.0 85.0 0.0 0.0 0.0 0.0 0.0 0.0 1317.0 0.0 0.0 0.0 0.0 0.0 0.0 0.0 0.0 94.0 88.0 81.0 76.0 96.0 92.0 0.0 93.0 97.0 97.0 94.0 120.0 92.0 109.0 88.0 109.0 84.0 86.0 92.0 96.0 92.0 0.0 81.0 100.0 97.0 105.0 104.0 72.0 87.0 112.0 93.0 105.0 96.0 97.0 81.0 93.0 0.0 100.0 98.0 90.0 100.0 79.0 105.0 85.0 95.0 98.0 101.0 92.0 91.0 95.0 93.0 0.0 91.0 102.0 102.0 108.0 86.0 105.0 69.0 84.0 72.0 124.0 103.0 95.0 91.0 95.0 0.0 95.0 99.0 86.0 75.0 102.0 98.0 88.0 94.0 88.0 98.0 89.0 76.0 104.0 97.0 0.0 93.0 76.0 113.0 96.0 101.0 105.0 98.0 83.0 84.0 90.0 108.0 103.0 91.0 92.0 0.0 79.0 82.0 108.0 81.0 88.0 86.0 112.0 113.0 110.0 88.0 94.0 102.0 86.0 107.0 0.0 95.0 105.0 84.0 86.0 87.0 111.0 81.0 81.0 103.0 90.0 96.0 120.0 114.0 86.0 0.0 90.0 87.0 90.0 94.0 86.0 78.0 87.0 96.0 82.0 87.0 91.0 99.0 101.0 89.0 0.0 109.0 106.0 66.0 98.0 96.0 98.0 91.0 104.0 97.0 93.0 111.0 80.0 90.0 86.0 0.0 85.0 89.0 107.0 97.0 95.0 90.0 102.0 95.0 84.0 86.0 92.0 97.0 98.0 80.0 0.0 111.0 117.0 81.0 100.0 86.0 89.0 111.0 85.0 97.0 91.0 100.0 109.0 80.0 97.0 0.0 92.0 78.0 101.0 90.0 94.0 97.0 89.0 102.0
110.0 104.0 102.0 91.0 95.0 91.0 88.0 0.0 97.0 110.0 104.0 113.0 78.0 106.0 104.0 0.0 0.0 0.0 0.0 0.0 0.0 0.0 1393.0 0.0 0.0 0.0 0.0 0.0 0.0 0.0 97.0 79.0 92.0 103.0 96.0 116.0 91.0 0.0 97.0 101.0 100.0 100.0 116.0 100.0 105.0 82.0 93.0 112.0 92.0 108.0 90.0 115.0 0.0 98.0 105.0 108.0 91.0 112.0 99.0 88.0 109.0 97.0 99.0 100.0 93.0 103.0 105.0 0.0 126.0 101.0 97.0 79.0 107.0 88.0 89.0 101.0 96.0 108.0 105.0 98.0 104.0 100.0 0.0 109.0 90.0 89.0 101.0 92.0 88.0 112.0 113.0 98.0 99.0 106.0 105.0 86.0 88.0 0.0 94.0 104.0 94.0 101.0 99.0 100.0 106.0 89.0 120.0 105.0 87.0 97.0 95.0 102.0 0.0 90.0 98.0 98.0 109.0 91.0 106.0 106.0 105.0 90.0 107.0 113.0 96.0 100.0 95.0 0.0 84.0 79.0 107.0 115.0 84.0 112.0 106.0 98.0 106.0 90.0 94.0 110.0 107.0 81.0 0.0 84.0 97.0 109.0 104.0 110.0 105.0 98.0 91.0 112.0 86.0 128.0 102.0 102.0 102.0 0.0 91.0 102.0 91.0 93.0 104.0 98.0 91.0 107.0 97.0 101.0 93.0 86.0 96.0 105.0 0.0 104.0 110.0 99.0 97.0 108.0 83.0 107.0 91.0 101.0 91.0 91.0 105.0 102.0 114.0 0.0 92.0 104.0 104.0 99.0 99.0 103.0 97.0 89.0 106.0 101.0 76.0 96.0 92.0 115.0 0.0 106.0 95.0 113.0 94.0 100.0 104.0 106.0 111.0 94.0 100.0 114.0 106.0 109.0 92.0 0.0 121.0 97.0 80.0 97.0 93.0 101.0 78.0
105.0 92.0 99.0 91.0 101.0 83.0 70.0 89.0 0.0 94.0 96.0 84.0 78.0 84.0 104.0 0.0 0.0 0.0 0.0 0.0 0.0 0.0 0.0 1270.0 0.0 0.0 0.0 0.0 0.0 0.0 94.0 92.0 102.0 96.0 92.0 82.0 90.0 77.0 0.0 102.0 85.0 83.0 105.0 84.0 86.0 75.0 109.0 97.0 98.0 93.0 89.0 92.0 57.0 0.0 99.0 100.0 114.0 80.0 75.0 92.0 104.0 95.0 95.0 86.0 90.0 96.0 92.0 102.0 0.0 88.0 89.0 91.0 78.0 72.0 92.0 103.0 105.0 78.0 89.0 76.0 89.0 91.0 107.0 0.0 76.0 106.0 88.0 86.0 96.0 80.0 74.0 90.0 89.0 74.0 87.0 96.0 97.0 107.0 0.0 87.0 74.0 90.0 93.0 109.0 103.0 100.0 90.0 97.0 74.0 78.0 98.0 93.0 91.0 0.0 84.0 102.0 91.0 104.0 86.0 82.0 88.0 68.0 97.0 87.0 105.0 87.0 103.0 86.0 0.0 99.0 82.0 81.0 83.0 102.0 102.0 75.0 101.0 80.0 109.0 73.0 98.0 95.0 87.0 0.0 98.0 84.0 107.0 86.0 91.0 86.0 87.0 82.0 89.0 98.0 79.0 93.0 88.0 100.0 0.0 98.0 87.0 85.0 101.0 90.0 93.0 83.0 99.0 88.0 102.0 106.0 95.0 84.0 85.0 0.0 86.0 95.0 79.0 93.0 89.0 86.0 88.0 90.0 92.0 83.0 109.0 93.0 89.0 93.0 0.0 85.0 85.0 99.0 99.0 92.0 73.0 94.0 84.0 86.0 85.0 91.0 80.0 91.0 103.0 0.0 87.0 92.0 91.0 83.0 113.0 90.0 100.0 73.0 81.0 98.0 90.0 91.0 95.0 86.0 0.0 87.0 93.0 87.0 101.0 87.0 101.0
103.0 103.0 108.0 107.0 78.0 99.0 90.0 99.0 78.0 0.0 110.0 95.0 103.0 94.0 94.0 0.0 0.0 0.0 0.0 0.0 0.0 0.0 0.0 0.0 1361.0 0.0 0.0 0.0 0.0 0.0 103.0 96.0 101.0 95.0 82.0 95.0 125.0 92.0 93.0 0.0 100.0 89.0 104.0 93.0 93.0 89.0 102.0 108.0 97.0 91.0 85.0 91.0 95.0 119.0 0.0 102.0 98.0 91.0 89.0 104.0 94.0 88.0 93.0 87.0 109.0 97.0 105.0 106.0 84.0 0.0 83.0 128.0 84.0 102.0 101.0 117.0 102.0 106.0 111.0 93.0 93.0 116.0 88.0 89.0 0.0 81.0 80.0 84.0 103.0 98.0 82.0 88.0 101.0 87.0 85.0 78.0 92.0 96.0 128.0 0.0 105.0 85.0 116.0 122.0 96.0 102.0 106.0 86.0 83.0 106.0 106.0 92.0 93.0 99.0 0.0 109.0 82.0 105.0 94.0 98.0 93.0 101.0 96.0 102.0 95.0 108.0 102.0 112.0 94.0 0.0 91.0 91.0 100.0 83.0 93.0 87.0 96.0 97.0 83.0 103.0 104.0 75.0 93.0 93.0 0.0 106.0 112.0 96.0 95.0 121.0 107.0 91.0 80.0 111.0 117.0 97.0 77.0 104.0 105.0 0.0 109.0 92.0 89.0 94.0 88.0 97.0 95.0 97.0 97.0 102.0 88.0 103.0 100.0 90.0 0.0 76.0 117.0 96.0 103.0 100.0 88.0 94.0 105.0 94.0 96.0 101.0 104.0 102.0 100.0 0.0 83.0 107.0 93.0 111.0 83.0 111.0 100.0 91.0 106.0 103.0 97.0 84.0 95.0 91.0 0.0 94.0 94.0 111.0 94.0 90.0 88.0 99.0 92.0 101.0 101.0 113.0 105.0 86.0 98.0 0.0 112.0 91.0 89.0 84.0 102.0
92.0 98.0 70.0 96.0 98.0 85.0 92.0 96.0 110.0 115.0 0.0 107.0 94.0 77.0 92.0 0.0 0.0 0.0 0.0 0.0 0.0 0.0 0.0 0.0 0.0 1322.0 0.0 0.0 0.0 0.0 92.0 90.0 93.0 99.0 95.0 91.0 88.0 121.0 84.0 88.0 0.0 93.0 107.0 101.0 80.0 76.0 98.0 107.0 85.0 109.0 100.0 96.0 96.0 93.0 93.0 0.0 83.0 93.0 103.0 90.0 68.0 108.0 101.0 87.0 96.0 100.0 96.0 85.0 91.0 97.0 0.0 97.0 110.0 87.0 99.0 100.0 108.0 99.0 91.0 77.0 105.0 89.0 96.0 90.0 83.0 0.0 103.0 95.0 76.0 110.0 106.0 90.0 106.0 96.0 98.0 101.0 95.0 90.0 96.0 96.0 0.0 95.0 76.0 96.0 81.0 92.0 112.0 81.0 114.0 76.0 107.0 95.0 97.0 88.0 85.0 0.0 85.0 89.0 93.0 108.0 89.0 82.0 69.0 87.0 112.0 88.0 93.0 96.0 111.0 106.0 0.0 100.0 89.0 109.0 91.0 104.0 91.0 78.0 94.0 104.0 88.0 92.0 84.0 110.0 101.0 0.0 91.0 97.0 92.0 96.0 88.0 78.0 122.0 97.0 89.0 78.0 89.0 95.0 85.0 106.0 0.0 110.0 86.0 102.0 97.0 110.0 95.0 94.0 85.0 77.0 106.0 97.0 98.0 81.0 104.0 0.0 98.0 100.0 98.0 79.0 96.0 81.0 105.0 95.0 109.0 86.0 105.0 91.0 80.0 80.0 0.0 94.0 114.0 95.0 91.0 115.0 98.0 97.0 101.0 75.0 94.0 104.0 80.0 93.0 90.0 0.0 79.0 92.0 98.0 106.0 94.0 93.0 100.0 95.0 107.0 93.0 91.0 97.0 110.0 78.0 0.0 87.0 80.0 95.0 102.0
79.0 102.0 95.0 81.0 94.0 84.0 110.0 103.0 103.0 103.0 90.0 0.0 85.0 99.0 98.0 0.0 0.0 0.0 0.0 0.0 0.0 0.0 0.0 0.0 0.0 0.0 1326.0 0.0 0.0 0.0 97.0 84.0 92.0 91.0 92.0 90.0 87.0 91.0 97.0 96.0 107.0 0.0 115.0 80.0 107.0 108.0 91.0 72.0 103.0 110.0 90.0 108.0 92.0 83.0 90.0 100.0 0.0 80.0 79.0 120.0 90.0 83.0 93.0 105.0 87.0 92.0 94.0 94.0 98.0 95.0 105.0 0.0 101.0 101.0 88.0 77.0 114.0 96.0 75.0 95.0 108.0 81.0 98.0 92.0 100.0 91.0 0.0 103.0 103.0 93.0 108.0 87.0 115.0 94.0 91.0 102.0 105.0 83.0 93.0 91.0 97.0 0.0 81.0 86.0 93.0 88.0 97.0 89.0 99.0 99.0 83.0 91.0 101.0 106.0 93.0 85.0 0.0 69.0 134.0 92.0 82.0 99.0 88.0 105.0 95.0 101.0 107.0 103.0 96.0 96.0 83.0 0.0 91.0 87.0 93.0 111.0 95.0 104.0 100.0 90.0 96.0 92.0 79.0 106.0 79.0 97.0 0.0 107.0 91.0 79.0 89.0 95.0 101.0 110.0 83.0 93.0 89.0 101.0 86.0 84.0 99.0 0.0 109.0 97.0 90.0 111.0 98.0 99.0 85.0 105.0 95.0 91.0 77.0 91.0 101.0 89.0 0.0 98.0 92.0 94.0 95.0 101.0 94.0 80.0 84.0 97.0 90.0 120.0 90.0 84.0 93.0 0.0 104.0 96.0 98.0 98.0 80.0 92.0 101.0 94.0 104.0 96.0 98.0 100.0 111.0 93.0 0.0 88.0 85.0 86.0 93.0 100.0 96.0 97.0 107.0 91.0 85.0 86.0 85.0 103.0 97.0 0.0 95.0 96.0 95.0
101.0 102.0 105.0 96.0 92.0 84.0 98.0 86.0 99.0 102.0 85.0 108.0 0.0 96.0 94.0 0.0 0.0 0.0 0.0 0.0 0.0 0.0 0.0 0.0 0.0 0.0 0.0 1348.0 0.0 0.0 77.0 93.0 87.0 102.0 98.0 99.0 110.0 96.0 107.0 80.0 116.0 98.0 0.0 85.0 100.0 102.0 100.0 78.0 96.0 87.0 76.0 93.0 97.0 82.0 105.0 119.0 105.0 0.0 101.0 107.0 96.0 92.0 96.0 91.0 85.0 92.0 94.0 99.0 116.0 99.0 94.0 100.0 0.0 90.0 104.0 87.0 101.0 105.0 98.0 98.0 112.0 97.0 98.0 92.0 91.0 74.0 108.0 0.0 100.0 87.0 103.0 93.0 96.0 96.0 108.0 112.0 92.0 89.0 107.0 85.0 87.0 84.0 0.0 98.0 98.0 92.0 101.0 97.0 93.0 101.0 97.0 97.0 82.0 100.0 100.0 97.0 109.0 0.0 81.0 101.0 80.0 90.0 109.0 94.0 104.0 99.0 114.0 98.0 89.0 90.0 94.0 102.0 0.0 100.0 85.0 100.0 94.0 91.0 106.0 99.0 95.0 84.0 108.0 93.0 91.0 99.0 87.0 0.0 99.0 102.0 106.0 81.0 108.0 101.0 99.0 95.0 114.0 105.0 85.0 94.0 89.0 76.0 0.0 101.0 94.0 105.0 101.0 85.0 105.0 90.0 105.0 86.0 79.0 103.0 113.0 104.0 88.0 0.0 99.0 85.0 97.0 108.0 99.0 95.0 86.0 93.0 71.0 97.0 100.0 104.0 103.0 102.0 0.0 96.0 97.0 100.0 99.0 92.0 75.0 97.0 94.0 99.0 109.0 84.0 98.0 94.0 93.0 0.0 95.0 119.0 102.0 93.0 100.0 100.0 104.0 95.0 99.0 105.0 91.0 96.0 93.0 88.0 0.0 107.0 75.0
86.0 89.0 97.0 93.0 95.0 102.0 89.0 85.0 83.0 90.0 107.0 124.0 98.0 0.0 96.0 0.0 0.0 0.0 0.0 0.0 0.0 0.0 0.0 0.0 0.0 0.0 0.0 0.0 1334.0 0.0 115.0 102.0 85.0 98.0 108.0 112.0 95.0 82.0 86.0 90.0 94.0 92.0 81.0 0.0 94.0 99.0 92.0 112.0 100.0 80.0 92.0 80.0 86.0 102.0 91.0 112.0 100.0 77.0 0.0 111.0 95.0 90.0 93.0 89.0 106.0 86.0 97.0 99.0 85.0 103.0 98.0 88.0 104.0 0.0 101.0 98.0 103.0 99.0 90.0 93.0 104.0 97.0 99.0 88.0 95.0 100.0 81.0 95.0 0.0 92.0 82.0 86.0 86.0 101.0 115.0 103.0 93.0 109.0 116.0 85.0 92.0 97.0 83.0 0.0 86.0 98.0 106.0 89.0 99.0 96.0 113.0 88.0 105.0 92.0 82.0 101.0 84.0 111.0 0.0 70.0 86.0 84.0 100.0 95.0 77.0 85.0 115.0 103.0 98.0 88.0 84.0 98.0 116.0 0.0 105.0 105.0 100.0 107.0 85.0 84.0 82.0 87.0 105.0 95.0 93.0 90.0 95.0 111.0 0.0 95.0 105.0 98.0 92.0 108.0 91.0 90.0 86.0 105.0 108.0 92.0 100.0 93.0 82.0 0.0 84.0 93.0 80.0 76.0 92.0 108.0 91.0 101.0 100.0 103.0 120.0 80.0 104.0 88.0 0.0 98.0 85.0 99.0 98.0 93.0 101.0 84.0 100.0 84.0 94.0 88.0 103.0 89.0 91.0 0.0 125.0 91.0 106.0 105.0 90.0 91.0 89.0 102.0 84.0 95.0 106.0 94.0 92.0 97.0 0.0 92.0 96.0 99.0 95.0 101.0 89.0 101.0 104.0 88.0 89.0 111.0 79.0 97.0 100.0 0.0 85.0
97.0 108.0 94.0 108.0 103.0 102.0 70.0 88.0 92.0 98.0 94.0 88.0 80.0 99.0 0.0 0.0 0.0 0.0 0.0 0.0 0.0 0.0 0.0 0.0 0.0 0.0 0.0 0.0 0.0 1321.0 94.0 107.0 99.0 74.0 71.0 101.0 102.0 77.0 103.0 101.0 95.0 109.0 90.0 98.0 0.0 86.0 94.0 74.0 80.0 81.0 103.0 111.0 107.0 91.0 102.0 104.0 102.0 101.0 85.0 0.0 85.0 96.0 88.0 91.0 101.0 100.0 98.0 89.0 90.0 87.0 101.0 90.0 116.0 89.0 0.0 96.0 94.0 89.0 94.0 103.0 100.0 89.0 93.0 96.0 98.0 90.0 98.0 84.0 97.0 0.0 91.0 91.0 112.0 94.0 104.0 84.0 99.0 92.0 84.0 90.0 86.0 87.0 108.0 99.0 0.0 89.0 94.0 102.0 97.0 93.0 98.0 92.0 111.0 106.0 73.0 94.0 89.0 88.0 95.0 0.0 103.0 73.0 93.0 95.0 93.0 96.0 93.0 91.0 108.0 98.0 107.0 99.0 91.0 81.0 0.0 91.0 99.0 89.0 92.0 104.0 96.0 89.0 109.0 88.0 88.0 98.0 100.0 86.0 92.0 0.0 95.0 93.0 100.0 119.0 103.0 73.0 79.0 92.0 82.0 106.0 99.0 79.0 100.0 101.0 0.0 103.0 100.0 96.0 93.0 90.0 99.0 88.0 106.0 77.0 84.0 105.0 101.0 88.0 91.0 0.0 86.0 93.0 110.0 89.0 103.0 101.0 93.0 78.0 87.0 109.0 84.0 90.0 89.0 109.0 0.0 107.0 99.0 93.0 90.0 79.0 77.0 112.0 86.0 103.0 92.0 78.0 90.0 107.0 108.0 0.0 98.0 80.0 82.0 105.0 93.0 91.0 106.0 102.0 114.0 95.0 86.0 99.0 93.0 77.0 0.0
0.0 101.0 102.0 97.0 101.0 95.0 99.0 88.0 83.0 87.0 99.0 108.0 87.0 93.0 87.0 0.0 85.0 89.0 98.0 91.0 101.0 94.0 97.0 94.0 103.0 92.0 97.0 77.0 115.0 94.0 1327.0 0.0 0.0 0.0 0.0 0.0 0.0 0.0 0.0 0.0 0.0 0.0 0.0 0.0 0.0 0.0 101.0 96.0 101.0 87.0 74.0 88.0 96.0 118.0 83.0 79.0 109.0 104.0 101.0 90.0 0.0 91.0 100.0 88.0 101.0 100.0 96.0 103.0 94.0 98.0 99.0 92.0 89.0 81.0 95.0 0.0 101.0 89.0 85.0 97.0 94.0 112.0 97.0 89.0 94.0 97.0 100.0 93.0 87.0 92.0 0.0 78.0 96.0 107.0 102.0 105.0 98.0 89.0 89.0 93.0 78.0 100.0 104.0 84.0 104.0 0.0 102.0 92.0 82.0 97.0 86.0 104.0 90.0 85.0 96.0 96.0 109.0 96.0 86.0 106.0 0.0 99.0 90.0 77.0 86.0 96.0 97.0 100.0 101.0 106.0 89.0 93.0 100.0 96.0 97.0 0.0 108.0 93.0 101.0 101.0 92.0 77.0 107.0 104.0 86.0 103.0 86.0 97.0 90.0 82.0 0.0 70.0 90.0 112.0 108.0 111.0 86.0 90.0 95.0 102.0 100.0 66.0 77.0 119.0 101.0 0.0 95.0 89.0 94.0 98.0 100.0 93.0 85.0 94.0 106.0 93.0 101.0 94.0 88.0 97.0 0.0 105.0 103.0 87.0 98.0 99.0 93.0 89.0 94.0 99.0 89.0 88.0 98.0 86.0 99.0 0.0 97.0 96.0 84.0 77.0 90.0 100.0 105.0 100.0 83.0 105.0 87.0 109.0 101.0 93.0 0.0 94.0 102.0 114.0 83.0 84.0 90.0 91.0 87.0 91.0 108.0 91.0 102.0 100.0 90.0
99.0 0.0 89.0 102.0 113.0 77.0 90.0 91.0 93.0 101.0 94.0 96.0 95.0 89.0 90.0 92.0 0.0 102.0 106.0 92.0 96.0 88.0 79.0 92.0 96.0 90.0 84.0 93.0 102.0 107.0 0.0 1319.0 0.0 0.0 0.0 0.0 0.0 0.0 0.0 0.0 0.0 0.0 0.0 0.0 0.0 83.0 0.0 117.0 73.0 102.0 87.0 106.0 95.0 99.0 96.0 81.0 108.0 100.0 82.0 90.0 99.0 0.0 90.0 110.0 75.0 99.0 87.0 95.0 90.0 99.0 92.0 100.0 100.0 97.0 86.0 87.0 0.0 100.0 85.0 84.0 113.0 86.0 96.0 103.0 84.0 100.0 89.0 88.0 104.0 100.0 100.0 0.0 98.0 76.0 105.0 83.0 92.0 110.0 112.0 81.0 98.0 96.0 86.0 85.0 97.0 101.0 0.0 93.0 108.0 84.0 100.0 88.0 96.0 82.0 100.0 99.0 82.0 96.0 98.0 92.0 85.0 0.0 95.0 98.0 95.0 91.0 100.0 97.0 94.0 95.0 93.0 99.0 89.0 94.0 94.0 91.0 0.0 92.0 77.0 86.0 107.0 86.0 91.0 99.0 100.0 103.0 93.0 100.0 89.0 105.0 89.0 0.0 92.0 101.0 84.0 92.0 96.0 97.0 94.0 85.0 96.0 85.0 103.0 113.0 92.0 87.0 0.0 88.0 90.0 90.0 108.0 91.0 97.0 98.0 99.0 98.0 100.0 87.0 101.0 85.0 101.0 0.0 89.0 97.0 114.0 90.0 104.0 93.0 98.0 85.0 85.0 102.0 90.0 84.0 87.0 95.0 0.0 99.0 101.0 96.0 86.0 92.0 93.0 90.0 102.0 103.0 89.0 93.0 91.0 89.0 110.0 0.0 75.0 95.0 99.0 90.0 113.0 89.0 75.0 96.0 87.0 96.0 99.0 90.0 105.0
