14
1 1 4 8 12 16 20 24 28 32 36 40 44 48
1 1 1 4 8 12 16 20 24 28 32 36 40 44
4 1 1 1 4 8 12 16 20 24 28 32 36 40
8 4 1 1 1 4 8 12 16 20 24 28 32 36
12 8 4 1 1 1 4 8 12 16 20 24 28 32
16 12 8 4 1 1 1 4 8 12 16 20 24 28
20 16 12 8 4 1 1 1 4 8 12 16 20 24
24 20 16 12 8 4 1 1 1 4 8 12 16 20
28 24 20 16 12 8 4 1 1 1 4 8 12 16
32 28 24 20 16 12 8 4 1 1 1 4 8 12
36 32 28 24 20 16 12 8 4 1 1 1 4 8
40 36 32 28 24 20 16 12 8 4 1 1 1 4
44 40 36 32 28 24 20 16 12 8 4 1 1 1
48 44 40 36 32 28 24 20 16 12 8 4 1 1
117.0 118.5 120.0 121.5 123.0 124.5 126.0 127.5 129.0 130.5 132.0 133.5 135.0 136.5
118.5 119.76923076923076 121.03846153846155 122.30769230769229 123.57692307692308 124.84615384615384 126.11538461538461 127.38461538461539 128.65384615384616 129.9230769230769 131.1923076923077 132.46153846153845 133.73076923076923 135.0
120.0 121.03846153846155 122.07692307692308 123.11538461538461 124.15384615384616 125.19230769230771 126.23076923076924 127.26923076923076 128.3076923076923 129.34615384615384 130.3846153846154 131.4230769230769 132.46153846153845 133.5
121.5 122.30769230769229 123.11538461538461 123.92307692307692 124.73076923076924 125.53846153846155 126.34615384615384 127.15384615384616 127.96153846153845 128.76923076923077 129.5769230769231 130.3846153846154 131.1923076923077 132.0
123.0 123.57692307692308 124.15384615384616 124.73076923076924 125.30769230769229 125.88461538461539 126.46153846153845 127.03846153846155 127.61538461538461 128.1923076923077 128.76923076923077 129.34615384615384 129.9230769230769 130.5
124.5 124.84615384615384 125.19230769230771 125.53846153846155 125.88461538461539 126.23076923076924 126.57692307692308 126.92307692307692 127.26923076923076 127.61538461538461 127.96153846153845 128.3076923076923 128.65384615384616 129.0
126.0 126.11538461538461 126.23076923076924 126.34615384615384 126.46153846153845 126.57692307692308 126.69230769230771 126.80769230769229 126.92307692307692 127.03846153846155 127.15384615384616 127.26923076923076 127.38461538461539 127.5
127.5 127.38461538461539 127.26923076923076 127.15384615384616 127.03846153846155 126.92307692307692 126.80769230769229 126.69230769230771 126.57692307692308 126.46153846153845 126.34615384615384 126.23076923076924 126.11538461538461 126.0
129.0 128.65384615384616 128.3076923076923 127.96153846153845 127.61538461538461 127.26923076923076 126.92307692307692 126.57692307692308 126.23076923076924 125.88461538461539 125.53846153846155 125.19230769230771 124.84615384615384 124.5
130.5 129.9230769230769 129.34615384615384 128.76923076923077 128.1923076923077 127.61538461538461 127.03846153846155 126.46153846153845 125.88461538461539 125.30769230769229 124.73076923076924 124.15384615384616 123.57692307692308 123.0
132.0 131.1923076923077 130.3846153846154 129.5769230769231 128.76923076923077 127.96153846153845 127.15384615384616 126.34615384615384 125.53846153846155 124.73076923076924 123.92307692307692 123.11538461538461 122.30769230769232 121.5
133.5 132.46153846153845 131.4230769230769 130.3846153846154 129.34615384615384 128.3076923076923 127.26923076923076 126.23076923076924 125.19230769230771 124.15384615384616 123.11538461538461 122.07692307692308 121.03846153846155 120.0
135.0 133.73076923076923 132.46153846153845 131.1923076923077 129.9230769230769 128.65384615384616 127.38461538461539 126.11538461538461 124.84615384615384 123.57692307692308 122.30769230769232 121.03846153846155 119.76923076923076 118.5
136.5 135.0 133.5 132.0 130.5 129.0 127.5 126.0 124.5 123.0 121.5 120.0 118.5 117.0
