144 20000
77592.0 75966.0 79578.0 85680.0 87510.0 84900.0 88743.0 92349.0 96105.0 93963.0 96924.0 102366.0 75966.0 76938.0 87225.0 80163.0 84846.0 85887.0 96660.0 87858.0 95430.0 94176.0 99036.0 97491.0 79578.0 87225.0 86028.0 86553.0 86997.0 86136.0 87054.0 91266.0 89523.0 95670.0 92370.0 93276.0 85680.0 80163.0 86553.0 84786.0 87231.0 86196.0 89160.0 85368.0 96099.0 93204.0 94179.0 93057.0 87510.0 84846.0 86997.0 87231.0 87756.0 89055.0 86901.0 93999.0 92070.0 88377.0 88143.0 88791.0 84900.0 85887.0 86136.0 86196.0 89055.0 90786.0 87843.0 90684.0 87099.0 89100.0 94053.0 89937.0 88743.0 96660.0 87054.0 89160.0 86901.0 87843.0 89382.0 86937.0 86922.0 89385.0 83967.0 88722.0 92349.0 87858.0 91266.0 85368.0 93999.0 90684.0 86937.0 81126.0 88740.0 87321.0 91797.0 84231.0 96105.0 95430.0 89523.0 96099.0 92070.0 87099.0 86922.0 88740.0 79014.0 85101.0 82233.0 83340.0 93963.0 94176.0 95670.0 93204.0 88377.0 89100.0 89385.0 87321.0 85101.0 78780.0 84249.0 82350.0 96924.0 99036.0 92370.0 94179.0 88143.0 94053.0 83967.0 91797.0 82233.0 84249.0 71826.0 82899.0 102366.0 97491.0 93276.0 93057.0 88791.0 89937.0 88722.0 84231.0 83340.0 82350.0 82899.0 75216.0
1702.0 0.0 0.0 0.0 0.0 0.0 0.0 0.0 0.0 0.0 0.0 0.0 0.0 148.0 143.0 173.0 148.0 164.0 180.0 148.0 142.0 146.0 164.0 146.0 0.0 143.0 168.0 171.0 161.0 145.0 161.0 145.0 158.0 150.0 145.0 155.0 0.0 173.0 171.0 148.0 169.0 155.0 137.0 132.0 134.0 157.0 150.0 176.0 0.0 148.0 161.0 169.0 162.0 151.0 136.0 171.0 181.0 145.0 133.0 145.0 0.0 164.0 145.0 155.0 151.0 140.0 144.0 182.0 158.0 155.0 155.0 153.0 0.0 180.0 161.0 137.0 136.0 144.0 190.0 134.0 166.0 160.0 124.0 170.0 0.0 148.0 145.0 132.0 171.0 182.0 134.0 154.0 142.0 161.0 181.0 152.0 0.0 142.0 158.0 134.0 181.0 158.0 166.0 142.0 130.0 175.0 149.0 167.0 0.0 146.0 150.0 157.0 145.0 155.0 160.0 161.0 175.0 144.0 165.0 144.0 0.0 164.0 145.0 150.0 133.0 155.0 124.0 181.0 149.0 165.0 184.0 152.0 0.0 146.0 155.0 176.0 145.0 153.0 170.0 152.0 167.0 144.0 152.0 142.0
0.0 1580.0 0.0 0.0 0.0 0.0 0.0 0.0 0.0 0.0 0.0 0.0 136.0 0.0 146.0 154.0 127.0 145.0 147.0 129.0 151.0 165.0 165.0 115.0 149.0 0.0 148.0 141.0 128.0 134.0 135.0 155.0 140.0 153.0 161.0 136.0 136.0 0.0 152.0 146.0 157.0 140.0 160.0 127.0 136.0 129.0 135.0 162.0 167.0 0.0 155.0 133.0 133.0 151.0 133.0 145.0 162.0 120.0 138.0 143.0 118.0 0.0 151.0 139.0 142.0 145.0 155.0 146.0 155.0 139.0 147.0 143.0 133.0 0.0 136.0 134.0 145.0 151.0 154.0 126.0 140.0 152.0 159.0 150.0 157.0 0.0 127.0 143.0 163.0 147.0 144.0 148.0 143.0 152.0 129.0 127.0 139.0 0.0 140.0 133.0 159.0 150.0 135.0 161.0 141.0 142.0 145.0 135.0 155.0 0.0 150.0 161.0 134.0 120.0 134.0 157.0 144.0 145.0 128.0 152.0 129.0 0.0 134.0 149.0 156.0 159.0 148.0 162.0 132.0 138.0 116.0 157.0 161.0 0.0 141.0 147.0 136.0 138.0 135.0 124.0 136.0 145.0 157.0 160.0
0.0 0.0 1635.0 0.0 0.0 0.0 0.0 0.0 0.0 0.0 0.0 0.0 149.0 142.0 0.0 144.0 144.0 152.0 147.0 160.0 147.0 150.0 134.0 166.0 136.0 152.0 0.0 148.0 168.0 149.0 116.0 148.0 177.0 152.0 146.0 143.0 166.0 143.0 0.0 149.0 147.0 142.0 148.0 141.0 134.0 149.0 171.0 145.0 151.0 139.0 0.0 153.0 131.0 153.0 139.0 168.0 164.0 128.0 174.0 135.0 140.0 163.0 0.0 153.0 168.0 155.0 147.0 147.0 124.0 149.0 143.0 146.0 132.0 171.0 0.0 122.0 154.0 146.0 148.0 158.0 157.0 158.0 136.0 153.0 153.0 139.0 0.0 145.0 158.0 138.0 169.0 126.0 142.0 164.0 146.0 155.0 161.0 143.0 0.0 144.0 159.0 149.0 170.0 142.0 142.0 123.0 155.0 147.0 152.0 160.0 0.0 145.0 139.0 149.0 162.0 160.0 140.0 142.0 150.0 136.0 131.0 142.0 0.0 159.0 140.0 159.0 136.0 145.0 165.0 157.0 138.0 163.0 164.0 141.0 0.0 173.0 127.0 143.0 153.0 140.0 143.0 163.0 142.0 146.0
0.0 0.0 0.0 1692.0 0.0 0.0 0.0 0.0 0.0 0.0 0.0 0.0 136.0 159.0 150.0 0.0 152.0 142.0 157.0 166.0 150.0 133.0 166.0 181.0 166.0 163.0 158.0 0.0 167.0 136.0 161.0 153.0 135.0 170.0 135.0 148.0 148.0 153.0 168.0 0.0 158.0 148.0 150.0 140.0 163.0 159.0 145.0 160.0 129.0 153.0 153.0 0.0 153.0 160.0 169.0 175.0 136.0 147.0 159.0 158.0 149.0 157.0 154.0 0.0 154.0 185.0 137.0 145.0 154.0 149.0 165.0 143.0 156.0 157.0 159.0 0.0 130.0 160.0 158.0 160.0 153.0 157.0 166.0 136.0 167.0 132.0 159.0 0.0 163.0 165.0 150.0 148.0 170.0 141.0 160.0 137.0 150.0 163.0 150.0 0.0 156.0 135.0 136.0 162.0 149.0 163.0 161.0 167.0 154.0 144.0 154.0 0.0 152.0 152.0 148.0 164.0 171.0 158.0 144.0 151.0 160.0 155.0 148.0 0.0 155.0 168.0 165.0 133.0 158.0 146.0 134.0 170.0 177.0 156.0 139.0 0.0 152.0 141.0 161.0 146.0 153.0 169.0 157.0 141.0
0.0 0.0 0.0 0.0 1695.0 0.0 0.0 0.0 0.0 0.0 0.0 0.0 167.0 133.0 150.0 143.0 0.0 161.0 174.0 124.0 150.0 181.0 155.0 157.0 151.0 165.0 168.0 138.0 0.0 142.0 151.0 151.0 141.0 175.0 157.0 156.0 129.0 147.0 141.0 165.0 0.0 161.0 154.0 164.0 176.0 145.0 160.0 153.0 134.0 168.0 134.0 168.0 0.0 158.0 165.0 164.0 160.0 147.0 142.0 155.0 145.0 149.0 149.0 152.0 0.0 182.0 145.0 179.0 144.0 139.0 160.0 151.0 164.0 159.0 166.0 149.0 0.0 139.0 158.0 149.0 143.0 148.0 151.0 169.0 158.0 142.0 162.0 155.0 0.0 145.0 151.0 147.0 173.0 151.0 166.0 145.0 159.0 150.0 162.0 157.0 0.0 137.0 158.0 159.0 134.0 160.0 176.0 143.0 161.0 156.0 141.0 155.0 0.0 162.0 160.0 153.0 164.0 140.0 139.0 164.0 165.0 156.0 174.0 155.0 0.0 157.0 141.0 150.0 158.0 149.0 147.0 143.0 162.0 170.0 148.0 158.0 0.0 151.0 138.0 155.0 152.0 160.0 142.0 159.0
0.0 0.0 0.0 0.0 0.0 1605.0 0.0 0.0 0.0 0.0 0.0 0.0 118.0 144.0 147.0 154.0 131.0 0.0 151.0 148.0 158.0 146.0 149.0 159.0 140.0 156.0 150.0 158.0 151.0 0.0 155.0 136.0 133.0 141.0 130.0 155.0 149.0 135.0 145.0 138.0 146.0 0.0 127.0 151.0 161.0 165.0 162.0 126.0 145.0 137.0 190.0 136.0 156.0 0.0 136.0 152.0 139.0 145.0 141.0 128.0 152.0 151.0 126.0 139.0 147.0 0.0 149.0 149.0 141.0 144.0 153.0 154.0 163.0 164.0 139.0 135.0 128.0 0.0 157.0 137.0 151.0 135.0 157.0 139.0 144.0 133.0 149.0 155.0 161.0 0.0 146.0 147.0 126.0 134.0 145.0 165.0 149.0 144.0 147.0 169.0 158.0 0.0 143.0 137.0 148.0 129.0 142.0 139.0 155.0 151.0 160.0 150.0 136.0 0.0 122.0 149.0 128.0 147.0 153.0 154.0 155.0 143.0 130.0 146.0 130.0 0.0 160.0 140.0 151.0 164.0 135.0 151.0 135.0 147.0 122.0 125.0 161.0 0.0 159.0 159.0 169.0 155.0 138.0 135.0
0.0 0.0 0.0 0.0 0.0 0.0 1643.0 0.0 0.0 0.0 0.0 0.0 133.0 145.0 154.0 151.0 139.0 149.0 0.0 157.0 146.0 146.0 156.0 167.0 132.0 159.0 158.0 154.0 144.0 153.0 0.0 154.0 138.0 162.0 155.0 134.0 156.0 144.0 136.0 144.0 140.0 155.0 0.0 147.0 152.0 162.0 139.0 168.0 164.0 130.0 158.0 143.0 163.0 145.0 0.0 147.0 170.0 135.0 143.0 145.0 163.0 142.0 147.0 138.0 157.0 156.0 0.0 129.0 149.0 164.0 157.0 141.0 160.0 153.0 153.0 157.0 150.0 148.0 0.0 148.0 144.0 143.0 135.0 152.0 145.0 159.0 140.0 161.0 149.0 149.0 0.0 136.0 148.0 141.0 158.0 157.0 163.0 151.0 131.0 143.0 145.0 158.0 0.0 150.0 139.0 148.0 173.0 142.0 138.0 160.0 151.0 149.0 154.0 148.0 0.0 159.0 162.0 137.0 138.0 147.0 130.0 153.0 153.0 157.0 151.0 157.0 0.0 159.0 152.0 156.0 128.0 147.0 159.0 147.0 162.0 146.0 151.0 125.0 0.0 157.0 143.0 149.0 161.0 143.0
0.0 0.0 0.0 0.0 0.0 0.0 0.0 1682.0 0.0 0.0 0.0 0.0 157.0 135.0 173.0 146.0 159.0 156.0 158.0 0.0 157.0 136.0 158.0 147.0 153.0 162.0 157.0 145.0 160.0 133.0 164.0 0.0 163.0 145.0 154.0 146.0 167.0 130.0 133.0 181.0 153.0 152.0 161.0 0.0 157.0 153.0 146.0 149.0 158.0 156.0 152.0 132.0 149.0 149.0 158.0 0.0 152.0 153.0 162.0 161.0 144.0 143.0 156.0 166.0 161.0 178.0 154.0 0.0 145.0 134.0 146.0 155.0 145.0 163.0 125.0 157.0 143.0 162.0 134.0 0.0 167.0 168.0 165.0 153.0 142.0 159.0 142.0 138.0 160.0 163.0 136.0 0.0 153.0 165.0 172.0 152.0 160.0 164.0 157.0 174.0 140.0 147.0 172.0 0.0 136.0 163.0 143.0 126.0 145.0 158.0 168.0 145.0 141.0 141.0 164.0 0.0 151.0 149.0 146.0 174.0 158.0 147.0 158.0 145.0 167.0 143.0 138.0 0.0 161.0 153.0 140.0 172.0 153.0 165.0 161.0 153.0 149.0 158.0 143.0 0.0 140.0 163.0 150.0 147.0
0.0 0.0 0.0 0.0 0.0 0.0 0.0 0.0 1714.0 0.0 0.0 0.0 139.0 175.0 175.0 149.0 134.0 168.0 175.0 163.0 0.0 139.0 142.0 155.0 161.0 146.0 145.0 166.0 161.0 149.0 147.0 159.0 0.0 168.0 158.0 154.0 150.0 169.0 161.0 169.0 143.0 166.0 144.0 129.0 0.0 178.0 155.0 150.0 159.0 142.0 133.0 154.0 174.0 169.0 153.0 177.0 0.0 156.0 135.0 162.0 149.0 149.0 165.0 154.0 145.0 151.0 150.0 169.0 0.0 167.0 176.0 139.0 163.0 163.0 158.0 155.0 158.0 152.0 149.0 138.0 0.0 166.0 145.0 167.0 160.0 151.0 191.0 141.0 151.0 151.0 149.0 146.0 0.0 169.0 147.0 158.0 154.0 156.0 144.0 172.0 182.0 164.0 149.0 151.0 0.0 141.0 142.0 159.0 151.0 159.0 158.0 168.0 134.0 154.0 172.0 159.0 0.0 125.0 174.0 160.0 142.0 164.0 140.0 140.0 185.0 141.0 168.0 179.0 0.0 153.0 154.0 148.0 186.0 140.0 144.0 146.0 147.0 149.0 158.0 144.0 0.0 152.0 186.0 162.0
0.0 0.0 0.0 0.0 0.0 0.0 0.0 0.0 0.0 1661.0 0.0 0.0 155.0 159.0 164.0 137.0 158.0 164.0 149.0 135.0 156.0 0.0 145.0 139.0 152.0 157.0 147.0 163.0 137.0 155.0 133.0 169.0 149.0 0.0 164.0 135.0 154.0 168.0 166.0 143.0 123.0 152.0 161.0 145.0 158.0 0.0 140.0 151.0 161.0 141.0 152.0 148.0 152.0 162.0 149.0 155.0 140.0 0.0 154.0 147.0 155.0 149.0 124.0 172.0 151.0 144.0 153.0 166.0 136.0 0.0 145.0 166.0 138.0 159.0 151.0 169.0 155.0 142.0 169.0 158.0 145.0 0.0 139.0 136.0 145.0 149.0 145.0 149.0 157.0 150.0 150.0 138.0 163.0 0.0 171.0 144.0 151.0 159.0 140.0 158.0 164.0 127.0 135.0 152.0 154.0 0.0 154.0 167.0 156.0 126.0 154.0 131.0 164.0 151.0 164.0 146.0 144.0 0.0 158.0 167.0 151.0 150.0 156.0 134.0 149.0 163.0 143.0 168.0 154.0 0.0 143.0 150.0 143.0 144.0 162.0 157.0 151.0 151.0 155.0 129.0 162.0 0.0 148.0 159.0
0.0 0.0 0.0 0.0 0.0 0.0 0.0 0.0 0.0 0.0 1655.0 0.0 129.0 146.0 152.0 160.0 176.0 132.0 165.0 143.0 144.0 170.0 0.0 138.0 131.0 163.0 148.0 142.0 162.0 179.0 144.0 162.0 125.0 135.0 0.0 164.0 160.0 145.0 148.0 150.0 153.0 145.0 138.0 165.0 168.0 157.0 0.0 126.0 165.0 157.0 158.0 145.0 148.0 140.0 140.0 131.0 162.0 167.0 0.0 142.0 155.0 154.0 153.0 142.0 145.0 137.0 138.0 163.0 153.0 156.0 0.0 159.0 130.0 145.0 145.0 147.0 166.0 132.0 158.0 154.0 170.0 148.0 0.0 160.0 158.0 152.0 143.0 162.0 144.0 165.0 157.0 136.0 154.0 136.0 0.0 148.0 142.0 143.0 150.0 156.0 139.0 144.0 159.0 145.0 160.0 156.0 0.0 161.0 151.0 162.0 172.0 165.0 151.0 151.0 148.0 133.0 129.0 141.0 0.0 152.0 182.0 153.0 148.0 147.0 127.0 150.0 140.0 167.0 145.0 135.0 0.0 161.0 152.0 135.0 138.0 139.0 144.0 180.0 168.0 156.0 145.0 154.0 0.0 144.0
0.0 0.0 0.0 0.0 0.0 0.0 0.0 0.0 0.0 0.0 0.0 1736.0 161.0 180.0 173.0 139.0 140.0 147.0 159.0 165.0 171.0 163.0 138.0 0.0 164.0 161.0 167.0 157.0 153.0 153.0 169.0 140.0 170.0 162.0 140.0 0.0 177.0 143.0 162.0 149.0 164.0 152.0 145.0 164.0 173.0 149.0 158.0 0.0 162.0 137.0 146.0 172.0 169.0 149.0 154.0 163.0 160.0 165.0 159.0 0.0 135.0 159.0 158.0 158.0 166.0 177.0 161.0 150.0 147.0 164.0 161.0 0.0 159.0 148.0 143.0 163.0 167.0 157.0 153.0 174.0 153.0 153.0 166.0 0.0 153.0 174.0 169.0 124.0 171.0 170.0 150.0 140.0 158.0 166.0 161.0 0.0 186.0 157.0 150.0 172.0 143.0 137.0 166.0 171.0 131.0 165.0 158.0 0.0 143.0 153.0 155.0 177.0 158.0 177.0 154.0 139.0 157.0 148.0 175.0 0.0 152.0 145.0 159.0 179.0 147.0 156.0 180.0 152.0 173.0 154.0 139.0 0.0 144.0 179.0 154.0 146.0 158.0 161.0 145.0 178.0 143.0 147.0 181.0 0.0
0.0 136.0 149.0 136.0 167.0 118.0 133.0 157.0 139.0 155.0 129.0 161.0 1580.0 0.0 0.0 0.0 0.0 0.0 0.0 0.0 0.0 0.0 0.0 0.0 0.0 146.0 148.0 152.0 155.0 151.0 136.0 127.0 140.0 150.0 134.0 141.0 0.0 154.0 141.0 146.0 133.0 139.0 134.0 143.0 133.0 161.0 149.0 147.0 0.0 127.0 128.0 157.0 133.0 142.0 145.0 163.0 159.0 134.0 156.0 136.0 0.0 145.0 134.0 140.0 151.0 145.0 151.0 147.0 150.0 120.0 159.0 138.0 0.0 147.0 135.0 160.0 133.0 155.0 154.0 144.0 135.0 134.0 148.0 135.0 0.0 129.0 155.0 127.0 145.0 146.0 126.0 148.0 161.0 157.0 162.0 124.0 0.0 151.0 140.0 136.0 162.0 155.0 140.0 143.0 141.0 144.0 132.0 136.0 0.0 165.0 153.0 129.0 120.0 139.0 152.0 152.0 142.0 145.0 138.0 145.0 0.0 165.0 161.0 135.0 138.0 147.0 159.0 129.0 145.0 128.0 116.0 157.0 0.0 115.0 136.0 162.0 143.0 143.0 150.0 127.0 135.0 152.0 157.0 160.0
148.0 0.0 142.0 159.0 133.0 144.0 145.0 135.0 175.0 159.0 146.0 180.0 0.0 1666.0 0.0 0.0 0.0 0.0 0.0 0.0 0.0 0.0 0.0 0.0 142.0 0.0 132.0 144.0 168.0 146.0 173.0 155.0 151.0 163.0 152.0 140.0 159.0 0.0 144.0 156.0 147.0 148.0 146.0 154.0 166.0 147.0 162.0 137.0 133.0 0.0 168.0 147.0 152.0 157.0 132.0 177.0 150.0 152.0 135.0 163.0 144.0 0.0 146.0 148.0 157.0 178.0 140.0 181.0 135.0 134.0 153.0 150.0 145.0 0.0 173.0 146.0 132.0 140.0 196.0 144.0 149.0 161.0 153.0 127.0 135.0 0.0 155.0 154.0 177.0 181.0 144.0 150.0 139.0 137.0 151.0 143.0 175.0 0.0 151.0 166.0 150.0 135.0 149.0 139.0 110.0 157.0 177.0 157.0 159.0 0.0 163.0 147.0 152.0 134.0 161.0 137.0 157.0 130.0 167.0 159.0 146.0 0.0 152.0 162.0 135.0 153.0 153.0 151.0 177.0 167.0 128.0 142.0 180.0 0.0 140.0 137.0 163.0 150.0 127.0 143.0 157.0 159.0 142.0 168.0
143.0 146.0 0.0 150.0 150.0 147.0 154.0 173.0 175.0 164.0 152.0 173.0 0.0 0.0 1727.0 0.0 0.0 0.0 0.0 0.0 0.0 0.0 0.0 0.0 152.0 174.0 0.0 145.0 154.0 153.0 159.0 160.0 164.0 160.0 146.0 160.0 163.0 157.0 0.0 164.0 145.0 169.0 143.0 149.0 171.0 152.0 153.0 161.0 165.0 155.0 0.0 153.0 161.0 140.0 149.0 159.0 172.0 182.0 151.0 140.0 156.0 174.0 0.0 173.0 169.0 157.0 160.0 159.0 140.0 163.0 137.0 139.0 159.0 139.0 0.0 164.0 170.0 148.0 139.0 157.0 168.0 158.0 167.0 158.0 162.0 176.0 0.0 153.0 160.0 145.0 167.0 142.0 140.0 150.0 175.0 157.0 146.0 151.0 0.0 174.0 146.0 153.0 180.0 164.0 145.0 150.0 176.0 142.0 157.0 155.0 0.0 149.0 156.0 181.0 161.0 143.0 144.0 139.0 166.0 176.0 163.0 144.0 0.0 156.0 169.0 171.0 153.0 153.0 159.0 148.0 147.0 164.0 161.0 156.0 0.0 146.0 147.0 163.0 162.0 168.0 149.0 161.0 157.0 157.0
173.0 154.0 144.0 0.0 143.0 154.0 151.0 146.0 149.0 137.0 160.0 139.0 0.0 0.0 0.0 1650.0 0.0 0.0 0.0 0.0 0.0 0.0 0.0 0.0 143.0 157.0 145.0 0.0 157.0 158.0 139.0 164.0 150.0 144.0 149.0 144.0 153.0 130.0 141.0 0.0 156.0 140.0 145.0 136.0 167.0 180.0 156.0 146.0 147.0 137.0 151.0 0.0 164.0 141.0 157.0 143.0 160.0 129.0 160.0 161.0 135.0 156.0 157.0 0.0 158.0 152.0 140.0 162.0 144.0 159.0 155.0 132.0 144.0 159.0 137.0 0.0 163.0 161.0 160.0 138.0 152.0 140.0 134.0 162.0 130.0 143.0 159.0 0.0 146.0 155.0 146.0 144.0 141.0 173.0 162.0 151.0 169.0 160.0 158.0 0.0 145.0 137.0 150.0 135.0 143.0 142.0 157.0 154.0 168.0 167.0 164.0 0.0 146.0 146.0 140.0 157.0 125.0 146.0 129.0 162.0 145.0 140.0 150.0 0.0 137.0 140.0 164.0 177.0 159.0 143.0 143.0 152.0 143.0 147.0 144.0 0.0 135.0 166.0 158.0 148.0 160.0 157.0 145.0 147.0
148.0 127.0 144.0 152.0 0.0 131.0 139.0 159.0 134.0 158.0 176.0 140.0 0.0 0.0 0.0 0.0 1608.0 0.0 0.0 0.0 0.0 0.0 0.0 0.0 139.0 155.0 147.0 128.0 0.0 139.0 141.0 163.0 142.0 146.0 160.0 148.0 153.0 137.0 167.0 159.0 0.0 157.0 135.0 140.0 130.0 152.0 146.0 132.0 168.0 144.0 143.0 149.0 0.0 156.0 150.0 152.0 138.0 132.0 143.0 133.0 137.0 147.0 150.0 148.0 0.0 142.0 156.0 135.0 141.0 157.0 149.0 146.0 130.0 173.0 141.0 130.0 0.0 147.0 152.0 141.0 184.0 129.0 146.0 135.0 156.0 146.0 155.0 142.0 0.0 162.0 147.0 137.0 155.0 106.0 146.0 156.0 142.0 131.0 127.0 151.0 0.0 137.0 141.0 169.0 137.0 154.0 143.0 176.0 141.0 149.0 157.0 146.0 0.0 124.0 142.0 146.0 162.0 162.0 131.0 148.0 157.0 149.0 122.0 136.0 0.0 161.0 149.0 135.0 139.0 166.0 135.0 159.0 137.0 150.0 155.0 167.0 0.0 152.0 156.0 131.0 146.0 146.0 133.0 135.0
164.0 145.0 152.0 142.0 161.0 0.0 149.0 156.0 168.0 164.0 132.0 147.0 0.0 0.0 0.0 0.0 0.0 1680.0 0.0 0.0 0.0 0.0 0.0 0.0 163.0 174.0 154.0 155.0 160.0 0.0 155.0 142.0 125.0 151.0 151.0 150.0 157.0 156.0 169.0 147.0 140.0 0.0 134.0 158.0 161.0 137.0 160.0 161.0 149.0 147.0 145.0 143.0 163.0 0.0 155.0 167.0 143.0 142.0 164.0 162.0 151.0 130.0 157.0 158.0 149.0 0.0 137.0 177.0 159.0 162.0 155.0 145.0 142.0 174.0 144.0 129.0 129.0 0.0 168.0 141.0 171.0 174.0 137.0 171.0 143.0 161.0 153.0 174.0 149.0 0.0 177.0 144.0 146.0 154.0 145.0 134.0 149.0 155.0 136.0 163.0 162.0 0.0 174.0 136.0 142.0 142.0 175.0 146.0 149.0 141.0 162.0 152.0 141.0 0.0 175.0 151.0 159.0 145.0 154.0 151.0 154.0 155.0 172.0 146.0 159.0 0.0 125.0 164.0 161.0 154.0 135.0 155.0 159.0 142.0 136.0 171.0 167.0 0.0 131.0 144.0 145.0 155.0 172.0 158.0
180.0 147.0 147.0 157.0 174.0 151.0 0.0 158.0 175.0 149.0 165.0 159.0 0.0 0.0 0.0 0.0 0.0 0.0 1762.0 0.0 0.0 0.0 0.0 0.0 171.0 139.0 178.0 147.0 148.0 174.0 0.0 150.0 160.0 163.0 150.0 182.0 157.0 159.0 162.0 162.0 177.0 146.0 0.0 174.0 155.0 166.0 145.0 159.0 159.0 173.0 152.0 165.0 165.0 166.0 0.0 164.0 179.0 149.0 143.0 147.0 164.0 174.0 150.0 168.0 150.0 161.0 0.0 158.0 151.0 154.0 164.0 168.0 153.0 190.0 157.0 146.0 168.0 168.0 0.0 144.0 141.0 162.0 167.0 166.0 163.0 128.0 159.0 158.0 180.0 157.0 0.0 149.0 172.0 167.0 178.0 151.0 163.0 163.0 155.0 171.0 152.0 166.0 0.0 168.0 156.0 163.0 146.0 159.0 159.0 150.0 161.0 176.0 154.0 160.0 0.0 154.0 156.0 142.0 186.0 164.0 145.0 167.0 166.0 163.0 163.0 163.0 0.0 162.0 154.0 161.0 156.0 162.0 148.0 172.0 175.0 149.0 131.0 150.0 0.0 181.0 163.0 186.0 162.0 145.0
148.0 129.0 160.0 166.0 124.0 148.0 157.0 0.0 163.0 135.0 143.0 165.0 0.0 0.0 0.0 0.0 0.0 0.0 0.0 1638.0 0.0 0.0 0.0 0.0 139.0 176.0 168.0 162.0 141.0 142.0 142.0 0.0 162.0 152.0 119.0 135.0 132.0 143.0 173.0 129.0 158.0 142.0 149.0 0.0 142.0 152.0 160.0 158.0 142.0 146.0 150.0 152.0 152.0 171.0 143.0 0.0 158.0 151.0 146.0 127.0 133.0 161.0 145.0 145.0 151.0 140.0 142.0 0.0 140.0 151.0 163.0 167.0 159.0 128.0 165.0 140.0 144.0 146.0 158.0 0.0 146.0 163.0 134.0 155.0 159.0 154.0 136.0 135.0 153.0 175.0 144.0 0.0 141.0 152.0 139.0 150.0 151.0 164.0 132.0 139.0 171.0 134.0 156.0 0.0 139.0 153.0 161.0 138.0 149.0 154.0 153.0 156.0 145.0 163.0 145.0 0.0 145.0 130.0 143.0 155.0 152.0 144.0 137.0 150.0 155.0 147.0 145.0 0.0 146.0 150.0 159.0 153.0 174.0 139.0 119.0 164.0 144.0 130.0 157.0 0.0 156.0 149.0 171.0 135.0
142.0 151.0 147.0 150.0 150.0 158.0 146.0 157.0 0.0 156.0 144.0 171.0 0.0 0.0 0.0 0.0 0.0 0.0 0.0 0.0 1672.0 0.0 0.0 0.0 143.0 151.0 162.0 175.0 149.0 133.0 163.0 134.0 0.0 157.0 163.0 142.0 163.0 160.0 138.0 133.0 149.0 158.0 187.0 133.0 0.0 139.0 153.0 159.0 150.0 131.0 169.0 169.0 169.0 167.0 123.0 157.0 0.0 142.0 138.0 157.0 144.0 155.0 151.0 150.0 148.0 153.0 150.0 144.0 0.0 166.0 163.0 148.0 151.0 163.0 151.0 145.0 156.0 154.0 148.0 157.0 0.0 153.0 139.0 155.0 164.0 164.0 129.0 141.0 161.0 131.0 153.0 139.0 0.0 151.0 183.0 156.0 156.0 142.0 160.0 153.0 143.0 147.0 154.0 170.0 0.0 151.0 155.0 141.0 159.0 142.0 152.0 169.0 138.0 177.0 135.0 170.0 0.0 139.0 154.0 137.0 143.0 145.0 151.0 157.0 152.0 146.0 146.0 164.0 0.0 168.0 139.0 161.0 157.0 168.0 162.0 130.0 157.0 148.0 167.0 147.0 0.0 150.0 141.0 145.0
146.0 165.0 150.0 133.0 181.0 146.0 146.0 136.0 139.0 0.0 170.0 163.0 0.0 0.0 0.0 0.0 0.0 0.0 0.0 0.0 0.0 1675.0 0.0 0.0 160.0 155.0 152.0 176.0 144.0 151.0 130.0 149.0 142.0 0.0 174.0 142.0 144.0 167.0 164.0 151.0 159.0 166.0 152.0 134.0 153.0 0.0 143.0 142.0 156.0 149.0 173.0 133.0 134.0 153.0 165.0 148.0 165.0 0.0 149.0 150.0 151.0 141.0 150.0 148.0 155.0 163.0 155.0 154.0 142.0 0.0 149.0 167.0 160.0 150.0 144.0 151.0 128.0 138.0 166.0 176.0 144.0 0.0 157.0 161.0 158.0 154.0 156.0 135.0 162.0 152.0 121.0 142.0 177.0 0.0 151.0 167.0 159.0 142.0 153.0 157.0 170.0 153.0 156.0 159.0 150.0 0.0 135.0 141.0 126.0 166.0 130.0 180.0 148.0 134.0 165.0 162.0 170.0 0.0 147.0 147.0 162.0 130.0 146.0 164.0 147.0 164.0 157.0 165.0 143.0 0.0 140.0 157.0 153.0 156.0 157.0 147.0 147.0 155.0 162.0 150.0 150.0 0.0 160.0 138.0
164.0 165.0 134.0 166.0 155.0 149.0 156.0 158.0 142.0 145.0 0.0 138.0 0.0 0.0 0.0 0.0 0.0 0.0 0.0 0.0 0.0 0.0 1672.0 0.0 142.0 144.0 177.0 154.0 166.0 132.0 139.0 156.0 152.0 168.0 0.0 142.0 155.0 140.0 134.0 167.0 131.0 136.0 168.0 143.0 173.0 161.0 0.0 164.0 156.0 149.0 143.0 145.0 152.0 151.0 152.0 173.0 169.0 137.0 0.0 145.0 143.0 155.0 143.0 146.0 153.0 179.0 141.0 165.0 148.0 149.0 0.0 150.0 153.0 167.0 148.0 157.0 152.0 140.0 144.0 145.0 153.0 153.0 0.0 160.0 147.0 144.0 160.0 140.0 154.0 166.0 172.0 127.0 147.0 164.0 0.0 151.0 164.0 145.0 157.0 155.0 160.0 148.0 144.0 137.0 140.0 159.0 0.0 163.0 150.0 130.0 161.0 145.0 153.0 158.0 156.0 163.0 148.0 151.0 0.0 157.0 153.0 174.0 163.0 138.0 143.0 167.0 134.0 152.0 156.0 140.0 0.0 152.0 145.0 159.0 152.0 159.0 153.0 146.0 166.0 153.0 144.0 145.0 0.0 150.0
146.0 115.0 166.0 181.0 157.0 159.0 167.0 147.0 155.0 139.0 138.0 0.0 0.0 0.0 0.0 0.0 0.0 0.0 0.0 0.0 0.0 0.0 0.0 1670.0 141.0 156.0 151.0 145.0 150.0 149.0 159.0 172.0 141.0 159.0 147.0 0.0 156.0 147.0 150.0 168.0 158.0 167.0 132.0 141.0 161.0 156.0 134.0 0.0 170.0 150.0 170.0 140.0 145.0 143.0 161.0 145.0 133.0 158.0 155.0 0.0 147.0 142.0 145.0 144.0 146.0 180.0 161.0 143.0 156.0 145.0 161.0 0.0 147.0 172.0 141.0 157.0 157.0 136.0 143.0 149.0 146.0 161.0 161.0 0.0 165.0 139.0 155.0 146.0 161.0 155.0 139.0 144.0 153.0 169.0 144.0 0.0 140.0 168.0 160.0 147.0 165.0 141.0 145.0 152.0 161.0 150.0 141.0 0.0 144.0 156.0 157.0 154.0 155.0 144.0 156.0 145.0 157.0 147.0 155.0 0.0 135.0 159.0 125.0 154.0 142.0 149.0 158.0 184.0 159.0 145.0 160.0 0.0 179.0 166.0 150.0 134.0 134.0 147.0 149.0 148.0 148.0 141.0 174.0 0.0
0.0 149.0 136.0 166.0 151.0 140.0 132.0 153.0 161.0 152.0 131.0 164.0 0.0 142.0 152.0 143.0 139.0 163.0 171.0 139.0 143.0 160.0 142.0 141.0 1635.0 0.0 0.0 0.0 0.0 0.0 0.0 0.0 0.0 0.0 0.0 0.0 0.0 144.0 148.0 149.0 153.0 153.0 122.0 145.0 144.0 145.0 159.0 173.0 0.0 144.0 168.0 147.0 131.0 168.0 154.0 158.0 159.0 139.0 140.0 127.0 0.0 152.0 149.0 142.0 153.0 155.0 146.0 138.0 149.0 149.0 159.0 143.0 0.0 147.0 116.0 148.0 139.0 147.0 148.0 169.0 170.0 162.0 136.0 153.0 0.0 160.0 148.0 141.0 168.0 147.0 158.0 126.0 142.0 160.0 145.0 140.0 0.0 147.0 177.0 134.0 164.0 124.0 157.0 142.0 142.0 140.0 165.0 143.0 0.0 150.0 152.0 149.0 128.0 149.0 158.0 164.0 123.0 142.0 157.0 163.0 0.0 134.0 146.0 171.0 174.0 143.0 136.0 146.0 155.0 150.0 138.0 142.0 0.0 166.0 143.0 145.0 135.0 146.0 153.0 155.0 147.0 136.0 163.0 146.0
143.0 0.0 152.0 163.0 165.0 156.0 159.0 162.0 146.0 157.0 163.0 161.0 146.0 0.0 174.0 157.0 155.0 174.0 139.0 176.0 151.0 155.0 144.0 156.0 0.0 1727.0 0.0 0.0 0.0 0.0 0.0 0.0 0.0 0.0 0.0 0.0 150.0 0.0 145.0 164.0 153.0 173.0 164.0 153.0 174.0 149.0 156.0 146.0 150.0 0.0 154.0 145.0 161.0 169.0 170.0 160.0 146.0 156.0 169.0 147.0 147.0 0.0 153.0 169.0 140.0 157.0 148.0 145.0 153.0 181.0 171.0 163.0 154.0 0.0 159.0 143.0 149.0 160.0 139.0 167.0 180.0 161.0 153.0 162.0 173.0 0.0 160.0 149.0 159.0 159.0 157.0 142.0 164.0 143.0 153.0 168.0 175.0 0.0 164.0 171.0 172.0 140.0 168.0 140.0 145.0 144.0 159.0 149.0 164.0 0.0 160.0 152.0 182.0 163.0 158.0 150.0 150.0 139.0 148.0 161.0 152.0 0.0 146.0 153.0 151.0 137.0 167.0 175.0 176.0 166.0 147.0 157.0 173.0 0.0 160.0 161.0 140.0 139.0 158.0 157.0 142.0 176.0 164.0 157.0
168.0 148.0 0.0 158.0 168.0 150.0 158.0 157.0 145.0 147.0 148.0 167.0 148.0 132.0 0.0 145.0 147.0 154.0 178.0 168.0 162.0 152.0 177.0 151.0 0.0 0.0 1714.0 0.0 0.0 0.0 0.0 0.0 0.0 0.0 0.0 0.0 158.0 145.0 0.0 142.0 157.0 173.0 159.0 148.0 157.0 166.0 150.0 159.0 168.0 147.0 0.0 157.0 160.0 152.0 149.0 156.0 165.0 149.0 148.0 163.0 150.0 154.0 0.0 173.0 152.0 184.0 140.0 168.0 141.0 148.0 159.0 145.0 158.0 178.0 0.0 159.0 149.0 140.0 156.0 146.0 143.0 150.0 163.0 172.0 157.0 168.0 0.0 148.0 156.0 168.0 146.0 158.0 140.0 165.0 166.0 142.0 145.0 162.0 0.0 157.0 165.0 141.0 143.0 140.0 186.0 180.0 162.0 133.0 147.0 152.0 0.0 166.0 149.0 148.0 150.0 165.0 180.0 134.0 163.0 160.0 148.0 177.0 0.0 150.0 148.0 159.0 163.0 166.0 162.0 163.0 116.0 162.0 167.0 151.0 0.0 159.0 163.0 145.0 172.0 142.0 133.0 160.0 162.0 160.0
171.0 141.0 148.0 0.0 138.0 158.0 154.0 145.0 166.0 163.0 142.0 157.0 152.0 144.0 145.0 0.0 128.0 155.0 147.0 162.0 175.0 176.0 154.0 145.0 0.0 0.0 0.0 1683.0 0.0 0.0 0.0 0.0 0.0 0.0 0.0 0.0 168.0 141.0 186.0 0.0 151.0 133.0 157.0 132.0 154.0 166.0 143.0 152.0 141.0 167.0 152.0 0.0 182.0 161.0 146.0 148.0 161.0 135.0 145.0 145.0 145.0 169.0 147.0 0.0 152.0 152.0 161.0 142.0 156.0 151.0 169.0 139.0 136.0 162.0 152.0 0.0 147.0 124.0 153.0 164.0 152.0 153.0 169.0 171.0 133.0 173.0 145.0 0.0 158.0 160.0 165.0 155.0 131.0 145.0 172.0 146.0 161.0 138.0 143.0 0.0 158.0 172.0 168.0 165.0 122.0 161.0 151.0 144.0 166.0 164.0 145.0 0.0 146.0 144.0 137.0 145.0 156.0 139.0 164.0 177.0 148.0 134.0 173.0 0.0 168.0 168.0 137.0 158.0 151.0 155.0 131.0 160.0 162.0 150.0 147.0 0.0 155.0 156.0 158.0 167.0 159.0 139.0 143.0 147.0
161.0 128.0 168.0 167.0 0.0 151.0 144.0 160.0 161.0 137.0 162.0 153.0 155.0 168.0 154.0 157.0 0.0 160.0 148.0 141.0 149.0 144.0 166.0 150.0 0.0 0.0 0.0 0.0 1692.0 0.0 0.0 0.0 0.0 0.0 0.0 0.0 153.0 151.0 152.0 169.0 0.0 154.0 151.0 154.0 143.0 166.0 154.0 145.0 134.0 143.0 190.0 135.0 0.0 157.0 145.0 171.0 152.0 148.0 154.0 163.0 190.0 145.0 148.0 146.0 0.0 147.0 158.0 181.0 136.0 147.0 146.0 148.0 158.0 152.0 135.0 157.0 0.0 152.0 162.0 141.0 157.0 170.0 168.0 140.0 152.0 150.0 181.0 134.0 0.0 135.0 158.0 142.0 160.0 150.0 174.0 156.0 133.0 169.0 148.0 172.0 0.0 150.0 157.0 168.0 150.0 159.0 138.0 148.0 152.0 173.0 152.0 152.0 0.0 171.0 150.0 129.0 151.0 148.0 147.0 167.0 158.0 143.0 151.0 143.0 0.0 162.0 165.0 152.0 174.0 159.0 123.0 162.0 146.0 170.0 113.0 160.0 0.0 153.0 154.0 153.0 159.0 164.0 160.0 160.0
145.0 134.0 149.0 136.0 142.0 0.0 153.0 133.0 149.0 155.0 179.0 153.0 151.0 146.0 153.0 158.0 139.0 0.0 174.0 142.0 133.0 151.0 132.0 149.0 0.0 0.0 0.0 0.0 0.0 1628.0 0.0 0.0 0.0 0.0 0.0 0.0 154.0 157.0 147.0 151.0 128.0 0.0 134.0 143.0 150.0 159.0 148.0 157.0 149.0 150.0 148.0 149.0 160.0 0.0 138.0 156.0 153.0 140.0 140.0 145.0 126.0 157.0 160.0 140.0 159.0 0.0 143.0 166.0 138.0 140.0 139.0 160.0 147.0 150.0 140.0 151.0 150.0 0.0 152.0 137.0 141.0 167.0 144.0 149.0 156.0 145.0 164.0 134.0 155.0 0.0 109.0 141.0 173.0 149.0 150.0 152.0 165.0 151.0 110.0 149.0 159.0 0.0 161.0 145.0 146.0 136.0 152.0 154.0 124.0 150.0 163.0 160.0 150.0 0.0 166.0 165.0 160.0 129.0 128.0 133.0 153.0 143.0 143.0 150.0 149.0 0.0 147.0 163.0 146.0 123.0 162.0 149.0 158.0 145.0 151.0 150.0 137.0 0.0 151.0 137.0 139.0 179.0 154.0 127.0
161.0 135.0 116.0 161.0 151.0 155.0 0.0 164.0 147.0 133.0 144.0 169.0 136.0 173.0 159.0 139.0 141.0 155.0 0.0 142.0 163.0 130.0 139.0 159.0 0.0 0.0 0.0 0.0 0.0 0.0 1636.0 0.0 0.0 0.0 0.0 0.0 159.0 137.0 152.0 144.0 147.0 159.0 0.0 137.0 177.0 144.0 137.0 143.0 166.0 141.0 135.0 155.0 147.0 145.0 0.0 153.0 141.0 160.0 153.0 140.0 139.0 144.0 140.0 155.0 172.0 142.0 0.0 159.0 144.0 147.0 162.0 132.0 153.0 157.0 162.0 152.0 153.0 143.0 0.0 144.0 146.0 153.0 136.0 137.0 125.0 165.0 135.0 141.0 164.0 137.0 0.0 143.0 154.0 164.0 143.0 165.0 158.0 151.0 142.0 141.0 149.0 148.0 0.0 153.0 125.0 165.0 139.0 165.0 151.0 144.0 166.0 157.0 148.0 141.0 0.0 139.0 140.0 152.0 159.0 139.0 145.0 148.0 169.0 141.0 121.0 155.0 0.0 159.0 159.0 137.0 163.0 139.0 143.0 141.0 160.0 150.0 143.0 156.0 0.0 143.0 140.0 151.0 161.0 148.0
145.0 155.0 148.0 153.0 151.0 136.0 154.0 0.0 159.0 169.0 162.0 140.0 127.0 155.0 160.0 164.0 163.0 142.0 150.0 0.0 134.0 149.0 156.0 172.0 0.0 0.0 0.0 0.0 0.0 0.0 0.0 1672.0 0.0 0.0 0.0 0.0 159.0 159.0 145.0 145.0 151.0 136.0 145.0 0.0 170.0 156.0 141.0 165.0 162.0 155.0 181.0 133.0 160.0 149.0 144.0 0.0 171.0 136.0 140.0 141.0 149.0 153.0 164.0 156.0 140.0 154.0 132.0 0.0 138.0 172.0 161.0 153.0 140.0 159.0 135.0 145.0 156.0 150.0 188.0 0.0 171.0 142.0 132.0 154.0 142.0 136.0 148.0 158.0 157.0 169.0 156.0 0.0 144.0 151.0 161.0 150.0 191.0 129.0 155.0 150.0 154.0 152.0 148.0 0.0 129.0 156.0 148.0 160.0 145.0 156.0 134.0 152.0 137.0 161.0 166.0 0.0 166.0 148.0 163.0 144.0 143.0 160.0 149.0 168.0 138.0 170.0 148.0 0.0 134.0 151.0 154.0 157.0 169.0 155.0 153.0 148.0 165.0 153.0 141.0 0.0 156.0 142.0 154.0 136.0
158.0 140.0 177.0 135.0 141.0 133.0 138.0 163.0 0.0 149.0 125.0 170.0 140.0 151.0 164.0 150.0 142.0 125.0 160.0 162.0 0.0 142.0 152.0 141.0 0.0 0.0 0.0 0.0 0.0 0.0 0.0 0.0 1629.0 0.0 0.0 0.0 150.0 158.0 143.0 158.0 149.0 138.0 139.0 144.0 0.0 159.0 159.0 132.0 162.0 127.0 148.0 143.0 162.0 138.0 142.0 155.0 0.0 162.0 150.0 140.0 147.0 136.0 110.0 148.0 144.0 176.0 147.0 167.0 0.0 141.0 146.0 167.0 131.0 155.0 142.0 152.0 141.0 162.0 167.0 141.0 0.0 142.0 156.0 140.0 157.0 132.0 155.0 139.0 156.0 176.0 156.0 122.0 0.0 142.0 150.0 144.0 144.0 160.0 148.0 144.0 155.0 149.0 155.0 136.0 0.0 139.0 166.0 133.0 140.0 153.0 160.0 152.0 151.0 126.0 141.0 148.0 0.0 152.0 146.0 160.0 150.0 157.0 143.0 157.0 131.0 156.0 141.0 155.0 0.0 165.0 121.0 153.0 150.0 160.0 139.0 151.0 157.0 150.0 143.0 136.0 0.0 136.0 158.0 149.0
150.0 153.0 152.0 170.0 175.0 141.0 162.0 145.0 168.0 0.0 135.0 162.0 150.0 163.0 160.0 144.0 146.0 151.0 163.0 152.0 157.0 0.0 168.0 159.0 0.0 0.0 0.0 0.0 0.0 0.0 0.0 0.0 0.0 1713.0 0.0 0.0 154.0 164.0 145.0 165.0 148.0 153.0 138.0 161.0 165.0 0.0 160.0 160.0 141.0 157.0 152.0 165.0 153.0 159.0 149.0 159.0 164.0 0.0 162.0 152.0 160.0 162.0 163.0 153.0 149.0 181.0 164.0 150.0 156.0 0.0 139.0 136.0 151.0 161.0 166.0 125.0 161.0 157.0 160.0 158.0 162.0 0.0 146.0 166.0 168.0 153.0 134.0 172.0 174.0 150.0 162.0 127.0 159.0 0.0 172.0 142.0 158.0 152.0 160.0 156.0 162.0 154.0 131.0 168.0 138.0 0.0 167.0 167.0 154.0 130.0 178.0 166.0 141.0 150.0 167.0 166.0 142.0 0.0 155.0 164.0 172.0 161.0 151.0 145.0 155.0 154.0 159.0 160.0 141.0 0.0 158.0 157.0 155.0 157.0 152.0 152.0 149.0 163.0 158.0 167.0 161.0 0.0 151.0 148.0
145.0 161.0 146.0 135.0 157.0 130.0 155.0 154.0 158.0 164.0 0.0 140.0 134.0 152.0 146.0 149.0 160.0 151.0 150.0 119.0 163.0 174.0 0.0 147.0 0.0 0.0 0.0 0.0 0.0 0.0 0.0 0.0 0.0 0.0 1645.0 0.0 148.0 150.0 173.0 158.0 145.0 149.0 162.0 148.0 137.0 141.0 0.0 134.0 174.0 122.0 151.0 168.0 135.0 148.0 134.0 172.0 153.0 130.0 0.0 158.0 130.0 172.0 143.0 140.0 168.0 149.0 154.0 156.0 144.0 125.0 0.0 164.0 153.0 166.0 169.0 140.0 151.0 152.0 149.0 142.0 139.0 143.0 0.0 141.0 158.0 137.0 149.0 147.0 152.0 167.0 137.0 144.0 154.0 165.0 0.0 135.0 140.0 151.0 143.0 169.0 146.0 126.0 164.0 162.0 139.0 148.0 0.0 157.0 156.0 146.0 151.0 145.0 146.0 162.0 160.0 144.0 156.0 146.0 0.0 133.0 148.0 163.0 124.0 139.0 152.0 161.0 126.0 154.0 150.0 152.0 0.0 176.0 159.0 125.0 150.0 155.0 133.0 150.0 154.0 150.0 152.0 157.0 0.0 160.0
155.0 136.0 143.0 148.0 156.0 155.0 134.0 146.0 154.0 135.0 164.0 0.0 141.0 140.0 160.0 144.0 148.0 150.0 182.0 135.0 142.0 142.0 142.0 0.0 0.0 0.0 0.0 0.0 0.0 0.0 0.0 0.0 0.0 0.0 0.0 1626.0 139.0 144.0 147.0 137.0 171.0 147.0 154.0 140.0 141.0 152.0 154.0 0.0 148.0 155.0 113.0 156.0 139.0 141.0 161.0 160.0 161.0 153.0 139.0 0.0 122.0 136.0 151.0 146.0 158.0 153.0 140.0 153.0 151.0 159.0 157.0 0.0 162.0 175.0 160.0 153.0 136.0 146.0 154.0 127.0 128.0 145.0 140.0 0.0 161.0 119.0 153.0 142.0 149.0 157.0 132.0 166.0 151.0 146.0 150.0 0.0 144.0 162.0 139.0 169.0 142.0 150.0 137.0 153.0 142.0 137.0 151.0 0.0 162.0 157.0 152.0 152.0 130.0 145.0 135.0 165.0 141.0 147.0 140.0 0.0 138.0 152.0 150.0 144.0 153.0 143.0 154.0 148.0 150.0 149.0 145.0 0.0 154.0 150.0 158.0 135.0 144.0 139.0 143.0 133.0 165.0 161.0 144.0 0.0
0.0 136.0 166.0 148.0 129.0 149.0 156.0 167.0 150.0 154.0 160.0 177.0 0.0 159.0 163.0 153.0 153.0 157.0 157.0 132.0 163.0 144.0 155.0 156.0 0.0 150.0 158.0 168.0 153.0 154.0 159.0 159.0 150.0 154.0 148.0 139.0 1692.0 0.0 0.0 0.0 0.0 0.0 0.0 0.0 0.0 0.0 0.0 0.0 0.0 152.0 167.0 158.0 153.0 154.0 130.0 163.0 156.0 152.0 155.0 152.0 0.0 142.0 136.0 148.0 160.0 185.0 160.0 165.0 135.0 152.0 168.0 141.0 0.0 157.0 161.0 150.0 169.0 137.0 158.0 150.0 136.0 148.0 165.0 161.0 0.0 166.0 153.0 140.0 175.0 145.0 160.0 148.0 162.0 164.0 133.0 146.0 0.0 150.0 135.0 163.0 136.0 154.0 153.0 170.0 149.0 171.0 158.0 153.0 0.0 133.0 170.0 159.0 147.0 149.0 157.0 141.0 163.0 158.0 146.0 169.0 0.0 166.0 135.0 145.0 159.0 165.0 166.0 160.0 161.0 144.0 134.0 157.0 0.0 181.0 148.0 160.0 158.0 143.0 136.0 137.0 167.0 151.0 170.0 141.0
173.0 0.0 143.0 153.0 147.0 135.0 144.0 130.0 169.0 168.0 145.0 143.0 154.0 0.0 157.0 130.0 137.0 156.0 159.0 143.0 160.0 167.0 140.0 147.0 144.0 0.0 145.0 141.0 151.0 157.0 137.0 159.0 158.0 164.0 150.0 144.0 0.0 1650.0 0.0 0.0 0.0 0.0 0.0 0.0 0.0 0.0 0.0 0.0 143.0 0.0 157.0 156.0 164.0 158.0 163.0 146.0 145.0 146.0 137.0 135.0 154.0 0.0 158.0 140.0 141.0 152.0 161.0 155.0 137.0 146.0 140.0 166.0 151.0 0.0 139.0 145.0 157.0 140.0 160.0 146.0 150.0 140.0 164.0 158.0 146.0 0.0 164.0 136.0 143.0 162.0 138.0 144.0 135.0 157.0 177.0 148.0 149.0 0.0 150.0 167.0 160.0 144.0 152.0 141.0 143.0 125.0 159.0 160.0 137.0 0.0 144.0 180.0 129.0 159.0 140.0 173.0 142.0 146.0 143.0 157.0 160.0 0.0 149.0 156.0 160.0 155.0 134.0 162.0 157.0 129.0 143.0 145.0 139.0 0.0 144.0 146.0 161.0 132.0 162.0 151.0 154.0 162.0 152.0 147.0
171.0 152.0 0.0 168.0 141.0 145.0 136.0 133.0 161.0 166.0 148.0 162.0 141.0 144.0 0.0 141.0 167.0 169.0 162.0 173.0 138.0 164.0 134.0 150.0 148.0 145.0 0.0 186.0 152.0 147.0 152.0 145.0 143.0 145.0 173.0 147.0 0.0 0.0 1683.0 0.0 0.0 0.0 0.0 0.0 0.0 0.0 0.0 0.0 138.0 128.0 0.0 151.0 182.0 152.0 147.0 158.0 158.0 146.0 168.0 155.0 158.0 155.0 0.0 133.0 161.0 152.0 124.0 160.0 172.0 144.0 168.0 156.0 154.0 147.0 0.0 157.0 146.0 161.0 153.0 165.0 168.0 137.0 137.0 158.0 145.0 162.0 0.0 132.0 148.0 142.0 164.0 155.0 165.0 145.0 158.0 167.0 166.0 175.0 0.0 154.0 161.0 156.0 152.0 131.0 122.0 156.0 151.0 159.0 163.0 176.0 0.0 166.0 135.0 151.0 153.0 145.0 161.0 139.0 155.0 139.0 142.0 154.0 0.0 143.0 145.0 169.0 169.0 172.0 151.0 164.0 131.0 143.0 157.0 145.0 0.0 152.0 145.0 139.0 171.0 146.0 144.0 177.0 160.0 147.0
148.0 146.0 149.0 0.0 165.0 138.0 144.0 181.0 169.0 143.0 150.0 149.0 146.0 156.0 164.0 0.0 159.0 147.0 162.0 129.0 133.0 151.0 167.0 168.0 149.0 164.0 142.0 0.0 169.0 151.0 144.0 145.0 158.0 165.0 158.0 137.0 0.0 0.0 0.0 1682.0 0.0 0.0 0.0 0.0 0.0 0.0 0.0 0.0 165.0 159.0 169.0 0.0 162.0 146.0 133.0 150.0 143.0 153.0 154.0 148.0 138.0 147.0 151.0 0.0 146.0 172.0 164.0 171.0 150.0 144.0 147.0 152.0 144.0 162.0 144.0 0.0 133.0 164.0 150.0 157.0 156.0 172.0 152.0 148.0 181.0 129.0 145.0 0.0 150.0 171.0 157.0 102.0 162.0 157.0 159.0 169.0 169.0 133.0 158.0 0.0 143.0 150.0 156.0 162.0 130.0 157.0 163.0 161.0 143.0 151.0 165.0 0.0 153.0 144.0 172.0 157.0 157.0 152.0 139.0 149.0 150.0 167.0 158.0 0.0 154.0 147.0 152.0 159.0 163.0 139.0 138.0 155.0 149.0 168.0 137.0 0.0 148.0 152.0 148.0 169.0 161.0 149.0 155.0 146.0
169.0 157.0 147.0 158.0 0.0 146.0 140.0 153.0 143.0 123.0 153.0 164.0 133.0 147.0 145.0 156.0 0.0 140.0 177.0 158.0 149.0 159.0 131.0 158.0 153.0 153.0 157.0 151.0 0.0 128.0 147.0 151.0 149.0 148.0 145.0 171.0 0.0 0.0 0.0 0.0 1653.0 0.0 0.0 0.0 0.0 0.0 0.0 0.0 168.0 149.0 135.0 138.0 0.0 149.0 145.0 173.0 163.0 152.0 143.0 138.0 136.0 143.0 149.0 177.0 0.0 169.0 148.0 146.0 152.0 143.0 152.0 138.0 143.0 165.0 155.0 138.0 0.0 145.0 160.0 128.0 150.0 178.0 133.0 158.0 132.0 152.0 133.0 151.0 0.0 160.0 137.0 149.0 160.0 159.0 172.0 148.0 154.0 169.0 143.0 159.0 0.0 157.0 142.0 141.0 144.0 144.0 160.0 140.0 148.0 133.0 165.0 138.0 0.0 150.0 164.0 156.0 144.0 130.0 174.0 151.0 145.0 145.0 168.0 148.0 0.0 145.0 149.0 148.0 138.0 167.0 143.0 157.0 172.0 140.0 156.0 139.0 0.0 164.0 144.0 150.0 161.0 150.0 147.0 130.0
155.0 140.0 142.0 148.0 161.0 0.0 155.0 152.0 166.0 152.0 145.0 152.0 139.0 148.0 169.0 140.0 157.0 0.0 146.0 142.0 158.0 166.0 136.0 167.0 153.0 173.0 173.0 133.0 154.0 0.0 159.0 136.0 138.0 153.0 149.0 147.0 0.0 0.0 0.0 0.0 0.0 1668.0 0.0 0.0 0.0 0.0 0.0 0.0 152.0 148.0 146.0 177.0 130.0 0.0 141.0 160.0 135.0 157.0 162.0 160.0 139.0 158.0 140.0 160.0 169.0 0.0 146.0 168.0 149.0 146.0 165.0 128.0 138.0 168.0 155.0 158.0 128.0 0.0 162.0 143.0 158.0 148.0 152.0 158.0 166.0 145.0 156.0 135.0 165.0 0.0 149.0 141.0 143.0 157.0 157.0 154.0 154.0 150.0 148.0 150.0 144.0 0.0 147.0 180.0 156.0 156.0 160.0 123.0 172.0 148.0 153.0 150.0 150.0 0.0 153.0 141.0 154.0 140.0 143.0 164.0 142.0 146.0 140.0 157.0 162.0 0.0 151.0 152.0 151.0 148.0 156.0 163.0 158.0 144.0 146.0 160.0 148.0 0.0 159.0 153.0 160.0 145.0 143.0 152.0
137.0 160.0 148.0 150.0 154.0 127.0 0.0 161.0 144.0 161.0 138.0 145.0 134.0 146.0 143.0 145.0 135.0 134.0 0.0 149.0 187.0 152.0 168.0 132.0 122.0 164.0 159.0 157.0 151.0 134.0 0.0 145.0 139.0 138.0 162.0 154.0 0.0 0.0 0.0 0.0 0.0 0.0 1625.0 0.0 0.0 0.0 0.0 0.0 149.0 130.0 157.0 138.0 140.0 149.0 0.0 147.0 171.0 141.0 142.0 161.0 135.0 129.0 151.0 158.0 142.0 177.0 0.0 150.0 133.0 150.0 164.0 136.0 157.0 146.0 152.0 136.0 147.0 155.0 0.0 147.0 144.0 155.0 136.0 150.0 157.0 140.0 145.0 151.0 179.0 161.0 0.0 143.0 128.0 140.0 161.0 120.0 155.0 145.0 152.0 168.0 167.0 110.0 0.0 146.0 141.0 147.0 134.0 160.0 169.0 151.0 125.0 149.0 112.0 156.0 0.0 170.0 160.0 132.0 125.0 176.0 147.0 157.0 140.0 130.0 149.0 160.0 0.0 119.0 157.0 160.0 147.0 159.0 163.0 157.0 153.0 143.0 149.0 162.0 0.0 148.0 121.0 149.0 148.0 132.0
132.0 127.0 141.0 140.0 164.0 151.0 147.0 0.0 129.0 145.0 165.0 164.0 143.0 154.0 149.0 136.0 140.0 158.0 174.0 0.0 133.0 134.0 143.0 141.0 145.0 153.0 148.0 132.0 154.0 143.0 137.0 0.0 144.0 161.0 148.0 140.0 0.0 0.0 0.0 0.0 0.0 0.0 0.0 1605.0 0.0 0.0 0.0 0.0 155.0 142.0 134.0 151.0 140.0 154.0 151.0 0.0 172.0 145.0 129.0 132.0 155.0 174.0 134.0 135.0 147.0 157.0 136.0 0.0 134.0 152.0 133.0 148.0 161.0 158.0 141.0 151.0 141.0 140.0 145.0 0.0 137.0 136.0 155.0 140.0 138.0 135.0 158.0 156.0 144.0 150.0 138.0 0.0 173.0 140.0 136.0 137.0 141.0 141.0 139.0 150.0 153.0 139.0 149.0 0.0 156.0 144.0 148.0 145.0 149.0 135.0 172.0 148.0 138.0 141.0 143.0 0.0 143.0 133.0 160.0 143.0 162.0 140.0 147.0 162.0 135.0 124.0 145.0 0.0 137.0 161.0 130.0 162.0 124.0 146.0 142.0 144.0 149.0 148.0 140.0 0.0 147.0 154.0 158.0 153.0
134.0 136.0 134.0 163.0 176.0 161.0 152.0 157.0 0.0 158.0 168.0 173.0 133.0 166.0 171.0 167.0 130.0 161.0 155.0 142.0 0.0 153.0 173.0 161.0 144.0 174.0 157.0 154.0 143.0 150.0 177.0 170.0 0.0 165.0 137.0 141.0 0.0 0.0 0.0 0.0 0.0 0.0 0.0 0.0 1712.0 0.0 0.0 0.0 157.0 151.0 172.0 159.0 146.0 146.0 161.0 179.0 0.0 156.0 150.0 135.0 169.0 163.0 149.0 150.0 160.0 151.0 137.0 152.0 0.0 160.0 152.0 169.0 143.0 171.0 141.0 168.0 161.0 153.0 171.0 143.0 0.0 158.0 143.0 160.0 174.0 139.0 150.0 150.0 168.0 165.0 143.0 146.0 0.0 154.0 161.0 162.0 172.0 153.0 144.0 138.0 167.0 137.0 160.0 167.0 0.0 150.0 161.0 163.0 158.0 157.0 156.0 137.0 171.0 161.0 156.0 135.0 0.0 146.0 177.0 158.0 156.0 155.0 169.0 163.0 143.0 168.0 145.0 174.0 0.0 151.0 144.0 144.0 172.0 147.0 169.0 163.0 147.0 159.0 155.0 147.0 0.0 161.0 146.0 146.0
157.0 129.0 149.0 159.0 145.0 165.0 162.0 153.0 178.0 0.0 157.0 149.0 161.0 147.0 152.0 180.0 152.0 137.0 166.0 152.0 139.0 0.0 161.0 156.0 145.0 149.0 166.0 166.0 166.0 159.0 144.0 156.0 159.0 0.0 141.0 152.0 0.0 0.0 0.0 0.0 0.0 0.0 0.0 0.0 0.0 1703.0 0.0 0.0 155.0 146.0 152.0 138.0 188.0 152.0 155.0 158.0 155.0 0.0 154.0 150.0 150.0 152.0 160.0 150.0 169.0 152.0 158.0 150.0 158.0 0.0 152.0 152.0 149.0 176.0 157.0 149.0 149.0 169.0 136.0 151.0 161.0 0.0 155.0 151.0 145.0 156.0 152.0 148.0 148.0 161.0 162.0 166.0 151.0 0.0 157.0 157.0 168.0 169.0 152.0 137.0 154.0 152.0 171.0 151.0 155.0 0.0 152.0 142.0 131.0 180.0 166.0 174.0 159.0 153.0 147.0 152.0 153.0 0.0 141.0 147.0 165.0 145.0 145.0 154.0 133.0 165.0 140.0 176.0 155.0 0.0 161.0 164.0 177.0 154.0 152.0 148.0 140.0 138.0 162.0 138.0 139.0 0.0 172.0 183.0
150.0 135.0 171.0 145.0 160.0 162.0 139.0 146.0 155.0 140.0 0.0 158.0 149.0 162.0 153.0 156.0 146.0 160.0 145.0 160.0 153.0 143.0 0.0 134.0 159.0 156.0 150.0 143.0 154.0 148.0 137.0 141.0 159.0 160.0 0.0 154.0 0.0 0.0 0.0 0.0 0.0 0.0 0.0 0.0 0.0 0.0 1661.0 0.0 155.0 136.0 143.0 148.0 138.0 158.0 166.0 166.0 164.0 132.0 0.0 155.0 146.0 146.0 150.0 157.0 138.0 133.0 167.0 163.0 132.0 165.0 0.0 164.0 157.0 163.0 141.0 130.0 159.0 140.0 162.0 156.0 155.0 155.0 0.0 143.0 145.0 150.0 168.0 162.0 158.0 166.0 149.0 138.0 147.0 146.0 0.0 132.0 140.0 157.0 157.0 163.0 173.0 156.0 136.0 137.0 141.0 154.0 0.0 147.0 134.0 164.0 145.0 154.0 155.0 152.0 144.0 164.0 145.0 156.0 0.0 148.0 147.0 138.0 139.0 156.0 142.0 148.0 161.0 146.0 150.0 169.0 0.0 165.0 179.0 154.0 144.0 147.0 138.0 138.0 155.0 144.0 160.0 141.0 0.0 161.0
