121 20000
68370.0 76623.0 75141.0 78834.0 83541.0 82242.0 84777.0 89364.0 91821.0 92538.0 94377.0 76623.0 69930.0 82794.0 76584.0 81054.0 79776.0 88299.0 85764.0 92562.0 88200.0 96042.0 75141.0 82794.0 78012.0 79650.0 81687.0 83484.0 83439.0 89229.0 87918.0 91452.0 84822.0 78834.0 76584.0 79650.0 78318.0 82740.0 84966.0 86658.0 83295.0 87276.0 85740.0 93567.0 83541.0 81054.0 81687.0 82740.0 82968.0 82353.0 83406.0 83976.0 84201.0 88644.0 83058.0 82242.0 79776.0 83484.0 84966.0 82353.0 86598.0 87879.0 79797.0 85920.0 79959.0 84654.0 84777.0 88299.0 83439.0 86658.0 83406.0 87879.0 81660.0 82707.0 81288.0 78114.0 79401.0 89364.0 85764.0 89229.0 83295.0 83976.0 79797.0 82707.0 79644.0 79431.0 81900.0 82521.0 91821.0 92562.0 87918.0 87276.0 84201.0 85920.0 81288.0 79431.0 77874.0 77028.0 72309.0 92538.0 88200.0 91452.0 85740.0 88644.0 79959.0 78114.0 81900.0 77028.0 74082.0 79971.0 94377.0 96042.0 84822.0 93567.0 83058.0 84654.0 79401.0 82521.0 72309.0 79971.0 66906.0
1738.0 0.0 0.0 0.0 0.0 0.0 0.0 0.0 0.0 0.0 0.0 0.0 146.0 158.0 184.0 163.0 191.0 172.0 189.0 179.0 160.0 196.0 0.0 158.0 178.0 185.0 166.0 164.0 197.0 183.0 185.0 169.0 153.0 0.0 184.0 185.0 182.0 168.0 197.0 170.0 165.0 151.0 165.0 171.0 0.0 163.0 166.0 168.0 170.0 164.0 178.0 191.0 167.0 199.0 172.0 0.0 191.0 164.0 197.0 164.0 142.0 172.0 176.0 186.0 170.0 176.0 0.0 172.0 197.0 170.0 178.0 172.0 188.0 157.0 161.0 169.0 174.0 0.0 189.0 183.0 165.0 191.0 176.0 157.0 168.0 158.0 181.0 170.0 0.0 179.0 185.0 151.0 167.0 186.0 161.0 158.0 164.0 200.0 187.0 0.0 160.0 169.0 165.0 199.0 170.0 169.0 181.0 200.0 174.0 151.0 0.0 196.0 153.0 171.0 172.0 176.0 174.0 170.0 187.0 151.0 188.0
0.0 1857.0 0.0 0.0 0.0 0.0 0.0 0.0 0.0 0.0 0.0 210.0 0.0 212.0 158.0 180.0 185.0 185.0 179.0 213.0 162.0 173.0 179.0 0.0 179.0 196.0 190.0 187.0 196.0 173.0 192.0 185.0 180.0 187.0 0.0 153.0 192.0 187.0 194.0 202.0 193.0 184.0 187.0 178.0 183.0 0.0 189.0 184.0 201.0 173.0 199.0 198.0 179.0 179.0 172.0 170.0 0.0 180.0 187.0 193.0 194.0 187.0 177.0 179.0 188.0 202.0 171.0 0.0 201.0 193.0 198.0 191.0 191.0 168.0 174.0 181.0 189.0 174.0 0.0 191.0 169.0 168.0 195.0 203.0 191.0 189.0 191.0 186.0 195.0 0.0 175.0 189.0 196.0 182.0 175.0 194.0 171.0 194.0 186.0 186.0 0.0 200.0 186.0 175.0 189.0 154.0 196.0 186.0 185.0 200.0 202.0 0.0 177.0 203.0 169.0 167.0 165.0 188.0 190.0 205.0 191.0
0.0 0.0 1781.0 0.0 0.0 0.0 0.0 0.0 0.0 0.0 0.0 179.0 168.0 0.0 174.0 164.0 174.0 215.0 183.0 169.0 165.0 190.0 194.0 182.0 0.0 170.0 180.0 143.0 186.0 177.0 191.0 200.0 158.0 175.0 160.0 0.0 174.0 188.0 188.0 162.0 181.0 185.0 186.0 182.0 181.0 173.0 0.0 191.0 171.0 191.0 164.0 154.0 181.0 189.0 186.0 176.0 176.0 0.0 191.0 191.0 186.0 184.0 180.0 159.0 177.0 161.0 164.0 191.0 0.0 173.0 189.0 181.0 172.0 199.0 177.0 165.0 170.0 185.0 176.0 0.0 180.0 192.0 174.0 171.0 189.0 152.0 179.0 183.0 171.0 170.0 0.0 179.0 194.0 186.0 178.0 185.0 183.0 156.0 179.0 188.0 181.0 0.0 172.0 153.0 191.0 161.0 160.0 189.0 198.0 188.0 168.0 204.0 0.0 177.0 159.0 167.0 188.0 173.0 195.0 166.0 184.0
0.0 0.0 0.0 1790.0 0.0 0.0 0.0 0.0 0.0 0.0 0.0 187.0 174.0 192.0 0.0 166.0 167.0 173.0 185.0 165.0 191.0 190.0 175.0 180.0 159.0 0.0 184.0 192.0 167.0 203.0 186.0 176.0 168.0 166.0 191.0 177.0 0.0 172.0 187.0 180.0 179.0 156.0 191.0 191.0 193.0 151.0 175.0 0.0 205.0 193.0 177.0 176.0 192.0 174.0 154.0 180.0 172.0 206.0 0.0 183.0 164.0 190.0 177.0 183.0 156.0 179.0 170.0 185.0 177.0 0.0 183.0 157.0 177.0 186.0 200.0 164.0 191.0 184.0 171.0 185.0 0.0 180.0 186.0 188.0 169.0 174.0 178.0 175.0 176.0 205.0 161.0 0.0 161.0 194.0 189.0 165.0 185.0 184.0 170.0 176.0 162.0 184.0 0.0 189.0 178.0 179.0 172.0 172.0 179.0 199.0 183.0 199.0 174.0 0.0 167.0 172.0 170.0 178.0 177.0 197.0 173.0
0.0 0.0 0.0 0.0 1859.0 0.0 0.0 0.0 0.0 0.0 0.0 183.0 189.0 201.0 162.0 0.0 170.0 199.0 196.0 183.0 195.0 181.0 181.0 183.0 203.0 166.0 0.0 182.0 180.0 195.0 199.0 184.0 186.0 193.0 156.0 191.0 176.0 0.0 187.0 190.0 195.0 203.0 167.0 201.0 204.0 227.0 191.0 181.0 0.0 165.0 179.0 177.0 158.0 205.0 172.0 172.0 177.0 170.0 190.0 0.0 209.0 195.0 183.0 194.0 185.0 184.0 171.0 163.0 164.0 209.0 0.0 229.0 184.0 176.0 181.0 183.0 199.0 176.0 187.0 197.0 208.0 0.0 171.0 184.0 184.0 183.0 172.0 197.0 168.0 230.0 166.0 175.0 0.0 192.0 183.0 188.0 181.0 184.0 192.0 199.0 192.0 190.0 183.0 0.0 182.0 171.0 202.0 167.0 190.0 183.0 212.0 155.0 186.0 209.0 0.0 172.0 194.0 163.0 210.0 194.0 164.0
0.0 0.0 0.0 0.0 0.0 1778.0 0.0 0.0 0.0 0.0 0.0 170.0 163.0 176.0 200.0 179.0 0.0 190.0 161.0 190.0 188.0 161.0 176.0 182.0 177.0 182.0 177.0 0.0 165.0 182.0 171.0 193.0 173.0 180.0 190.0 167.0 168.0 191.0 0.0 176.0 183.0 185.0 155.0 183.0 172.0 158.0 172.0 176.0 157.0 0.0 185.0 181.0 184.0 199.0 194.0 180.0 206.0 176.0 169.0 179.0 0.0 164.0 183.0 171.0 168.0 182.0 178.0 187.0 172.0 178.0 154.0 0.0 180.0 187.0 179.0 172.0 191.0 183.0 171.0 176.0 180.0 161.0 0.0 190.0 175.0 192.0 177.0 173.0 176.0 167.0 201.0 159.0 193.0 0.0 171.0 170.0 181.0 166.0 194.0 171.0 173.0 186.0 186.0 210.0 0.0 172.0 174.0 170.0 174.0 162.0 192.0 181.0 175.0 180.0 177.0 0.0 185.0 182.0 155.0 186.0 165.0
0.0 0.0 0.0 0.0 0.0 0.0 1793.0 0.0 0.0 0.0 0.0 171.0 166.0 188.0 175.0 179.0 172.0 0.0 194.0 189.0 181.0 178.0 164.0 203.0 178.0 169.0 179.0 180.0 0.0 179.0 173.0 195.0 173.0 170.0 181.0 175.0 184.0 157.0 198.0 0.0 162.0 178.0 210.0 178.0 171.0 176.0 168.0 189.0 199.0 175.0 0.0 190.0 171.0 169.0 185.0 178.0 176.0 186.0 190.0 178.0 193.0 0.0 177.0 170.0 175.0 170.0 178.0 184.0 151.0 172.0 187.0 171.0 0.0 185.0 194.0 179.0 192.0 207.0 186.0 197.0 163.0 180.0 170.0 0.0 172.0 179.0 168.0 171.0 190.0 174.0 181.0 174.0 184.0 187.0 0.0 167.0 181.0 173.0 182.0 190.0 188.0 178.0 185.0 173.0 157.0 0.0 186.0 186.0 168.0 182.0 174.0 159.0 191.0 192.0 177.0 190.0 0.0 181.0 172.0 175.0 182.0
0.0 0.0 0.0 0.0 0.0 0.0 0.0 1853.0 0.0 0.0 0.0 174.0 185.0 190.0 193.0 182.0 196.0 197.0 0.0 170.0 176.0 190.0 185.0 201.0 175.0 169.0 150.0 222.0 177.0 0.0 189.0 192.0 193.0 184.0 185.0 188.0 200.0 196.0 163.0 198.0 0.0 164.0 186.0 189.0 176.0 188.0 200.0 168.0 171.0 166.0 209.0 0.0 199.0 183.0 193.0 183.0 138.0 176.0 200.0 187.0 214.0 202.0 0.0 197.0 177.0 179.0 207.0 193.0 169.0 176.0 185.0 195.0 174.0 0.0 206.0 171.0 177.0 170.0 190.0 206.0 186.0 188.0 179.0 164.0 0.0 183.0 210.0 177.0 193.0 196.0 190.0 194.0 175.0 176.0 186.0 0.0 172.0 187.0 184.0 182.0 180.0 203.0 187.0 219.0 159.0 170.0 0.0 188.0 186.0 179.0 199.0 197.0 156.0 180.0 200.0 183.0 176.0 0.0 185.0 185.0 192.0
0.0 0.0 0.0 0.0 0.0 0.0 0.0 0.0 1861.0 0.0 0.0 195.0 197.0 185.0 187.0 176.0 175.0 183.0 188.0 0.0 177.0 198.0 171.0 205.0 192.0 180.0 194.0 179.0 175.0 197.0 0.0 198.0 170.0 176.0 181.0 177.0 198.0 194.0 210.0 192.0 168.0 0.0 164.0 201.0 168.0 191.0 190.0 182.0 195.0 181.0 183.0 188.0 0.0 195.0 188.0 176.0 196.0 182.0 195.0 169.0 196.0 207.0 191.0 0.0 165.0 184.0 190.0 187.0 192.0 192.0 191.0 197.0 182.0 198.0 0.0 172.0 160.0 193.0 190.0 176.0 166.0 183.0 184.0 181.0 179.0 0.0 220.0 189.0 210.0 188.0 195.0 188.0 195.0 166.0 190.0 164.0 0.0 192.0 173.0 171.0 170.0 180.0 197.0 196.0 173.0 172.0 191.0 0.0 191.0 220.0 211.0 156.0 192.0 176.0 168.0 200.0 196.0 197.0 0.0 187.0 178.0
0.0 0.0 0.0 0.0 0.0 0.0 0.0 0.0 0.0 1839.0 0.0 186.0 189.0 183.0 191.0 165.0 177.0 161.0 187.0 207.0 0.0 193.0 188.0 204.0 180.0 189.0 180.0 172.0 169.0 199.0 166.0 0.0 192.0 176.0 195.0 188.0 168.0 185.0 184.0 161.0 186.0 197.0 0.0 199.0 199.0 157.0 159.0 178.0 178.0 202.0 187.0 190.0 198.0 0.0 191.0 171.0 183.0 188.0 197.0 170.0 212.0 189.0 165.0 204.0 0.0 160.0 190.0 187.0 202.0 179.0 165.0 201.0 173.0 192.0 159.0 0.0 191.0 182.0 187.0 185.0 183.0 196.0 153.0 206.0 184.0 172.0 0.0 191.0 171.0 171.0 182.0 182.0 189.0 200.0 204.0 173.0 209.0 0.0 158.0 198.0 172.0 204.0 173.0 193.0 173.0 187.0 186.0 172.0 0.0 181.0 178.0 194.0 168.0 199.0 218.0 165.0 202.0 177.0 155.0 0.0 183.0
0.0 0.0 0.0 0.0 0.0 0.0 0.0 0.0 0.0 0.0 1851.0 202.0 195.0 197.0 185.0 195.0 182.0 164.0 172.0 185.0 174.0 0.0 168.0 184.0 165.0 182.0 208.0 182.0 202.0 185.0 186.0 189.0 0.0 183.0 186.0 187.0 176.0 162.0 194.0 194.0 182.0 187.0 200.0 0.0 212.0 165.0 198.0 183.0 187.0 186.0 167.0 161.0 195.0 197.0 0.0 192.0 174.0 175.0 186.0 182.0 198.0 193.0 168.0 191.0 192.0 0.0 174.0 190.0 189.0 183.0 198.0 189.0 197.0 173.0 188.0 170.0 0.0 199.0 187.0 177.0 194.0 167.0 189.0 177.0 189.0 180.0 192.0 0.0 211.0 170.0 202.0 199.0 170.0 165.0 182.0 198.0 179.0 175.0 0.0 178.0 191.0 187.0 177.0 182.0 181.0 191.0 220.0 181.0 163.0 0.0 132.0 209.0 174.0 186.0 200.0 185.0 184.0 203.0 179.0 199.0 0.0
0.0 210.0 179.0 187.0 183.0 170.0 171.0 174.0 195.0 186.0 202.0 1857.0 0.0 0.0 0.0 0.0 0.0 0.0 0.0 0.0 0.0 0.0 0.0 212.0 179.0 153.0 189.0 180.0 201.0 191.0 175.0 200.0 177.0 0.0 158.0 196.0 192.0 184.0 187.0 193.0 169.0 189.0 186.0 203.0 0.0 180.0 190.0 187.0 201.0 193.0 198.0 168.0 196.0 175.0 169.0 0.0 185.0 187.0 194.0 173.0 194.0 191.0 195.0 182.0 189.0 167.0 0.0 185.0 196.0 202.0 199.0 187.0 191.0 203.0 175.0 154.0 165.0 0.0 179.0 173.0 193.0 198.0 177.0 168.0 191.0 194.0 196.0 188.0 0.0 213.0 192.0 184.0 179.0 179.0 174.0 189.0 171.0 186.0 190.0 0.0 162.0 185.0 187.0 179.0 188.0 181.0 191.0 194.0 185.0 205.0 0.0 173.0 180.0 178.0 172.0 202.0 189.0 186.0 186.0 200.0 191.0
146.0 0.0 168.0 174.0 189.0 163.0 166.0 185.0 197.0 189.0 195.0 0.0 1772.0 0.0 0.0 0.0 0.0 0.0 0.0 0.0 0.0 0.0 168.0 0.0 190.0 181.0 157.0 162.0 190.0 193.0 158.0 194.0 179.0 174.0 0.0 181.0 166.0 174.0 198.0 185.0 166.0 190.0 168.0 170.0 189.0 0.0 157.0 174.0 188.0 179.0 178.0 183.0 157.0 191.0 176.0 163.0 0.0 162.0 198.0 179.0 182.0 197.0 175.0 187.0 160.0 169.0 166.0 0.0 190.0 185.0 178.0 197.0 160.0 167.0 178.0 182.0 169.0 185.0 0.0 193.0 166.0 183.0 175.0 167.0 186.0 168.0 173.0 176.0 197.0 0.0 158.0 190.0 157.0 187.0 178.0 168.0 184.0 174.0 179.0 189.0 0.0 194.0 168.0 191.0 160.0 182.0 173.0 174.0 166.0 175.0 195.0 0.0 179.0 170.0 176.0 169.0 169.0 176.0 179.0 175.0 184.0
158.0 212.0 0.0 192.0 201.0 176.0 188.0 190.0 185.0 183.0 197.0 0.0 0.0 1882.0 0.0 0.0 0.0 0.0 0.0 0.0 0.0 0.0 182.0 180.0 0.0 196.0 176.0 196.0 183.0 183.0 213.0 199.0 174.0 180.0 183.0 0.0 192.0 184.0 202.0 173.0 180.0 193.0 190.0 205.0 183.0 203.0 0.0 164.0 190.0 200.0 208.0 169.0 173.0 211.0 181.0 182.0 179.0 0.0 190.0 175.0 209.0 200.0 183.0 191.0 181.0 192.0 203.0 174.0 0.0 172.0 159.0 195.0 203.0 196.0 183.0 179.0 218.0 201.0 183.0 0.0 198.0 195.0 178.0 190.0 176.0 189.0 194.0 178.0 205.0 186.0 0.0 181.0 189.0 193.0 178.0 195.0 204.0 177.0 174.0 204.0 183.0 0.0 206.0 208.0 168.0 179.0 206.0 171.0 180.0 177.0 184.0 199.0 0.0 191.0 205.0 165.0 180.0 204.0 180.0 188.0 186.0
184.0 158.0 174.0 0.0 162.0 200.0 175.0 193.0 187.0 191.0 185.0 0.0 0.0 0.0 1809.0 0.0 0.0 0.0 0.0 0.0 0.0 0.0 160.0 183.0 159.0 0.0 184.0 206.0 179.0 195.0 186.0 199.0 158.0 191.0 184.0 158.0 0.0 193.0 164.0 178.0 168.0 171.0 211.0 191.0 156.0 158.0 193.0 0.0 174.0 192.0 187.0 177.0 184.0 193.0 195.0 190.0 200.0 156.0 0.0 183.0 182.0 189.0 180.0 190.0 166.0 173.0 181.0 183.0 197.0 0.0 185.0 176.0 171.0 165.0 190.0 161.0 200.0 185.0 218.0 192.0 0.0 176.0 174.0 209.0 173.0 167.0 156.0 159.0 181.0 172.0 196.0 0.0 198.0 166.0 175.0 184.0 172.0 180.0 185.0 195.0 164.0 200.0 0.0 189.0 153.0 177.0 199.0 200.0 153.0 179.0 186.0 189.0 184.0 0.0 165.0 196.0 169.0 175.0 162.0 199.0 184.0
163.0 180.0 164.0 166.0 0.0 179.0 179.0 182.0 176.0 165.0 195.0 0.0 0.0 0.0 0.0 1749.0 0.0 0.0 0.0 0.0 0.0 0.0 173.0 203.0 172.0 182.0 0.0 175.0 162.0 170.0 166.0 174.0 172.0 151.0 158.0 157.0 182.0 0.0 187.0 177.0 192.0 187.0 183.0 175.0 227.0 164.0 151.0 188.0 0.0 143.0 151.0 170.0 173.0 185.0 197.0 158.0 157.0 189.0 186.0 0.0 179.0 188.0 172.0 187.0 175.0 158.0 176.0 185.0 171.0 165.0 0.0 188.0 192.0 179.0 166.0 164.0 163.0 188.0 176.0 191.0 157.0 0.0 156.0 185.0 172.0 174.0 183.0 167.0 191.0 179.0 196.0 167.0 0.0 200.0 158.0 164.0 159.0 168.0 167.0 157.0 167.0 182.0 191.0 0.0 167.0 183.0 176.0 181.0 175.0 170.0 165.0 180.0 176.0 165.0 0.0 175.0 174.0 172.0 180.0 177.0 185.0
191.0 185.0 174.0 167.0 170.0 0.0 172.0 196.0 175.0 177.0 182.0 0.0 0.0 0.0 0.0 0.0 1789.0 0.0 0.0 0.0 0.0 0.0 176.0 179.0 176.0 185.0 181.0 0.0 191.0 186.0 168.0 166.0 181.0 172.0 200.0 177.0 186.0 167.0 0.0 181.0 180.0 154.0 172.0 200.0 177.0 157.0 208.0 162.0 167.0 0.0 164.0 188.0 205.0 183.0 178.0 206.0 132.0 166.0 180.0 191.0 0.0 171.0 182.0 201.0 172.0 188.0 176.0 203.0 166.0 184.0 174.0 0.0 198.0 176.0 195.0 152.0 165.0 138.0 186.0 191.0 178.0 169.0 0.0 189.0 178.0 169.0 207.0 184.0 196.0 175.0 178.0 173.0 166.0 0.0 198.0 172.0 172.0 196.0 163.0 183.0 185.0 175.0 186.0 197.0 0.0 152.0 167.0 172.0 193.0 179.0 174.0 187.0 178.0 188.0 207.0 0.0 173.0 164.0 178.0 171.0 169.0
172.0 185.0 215.0 173.0 199.0 190.0 0.0 197.0 183.0 161.0 164.0 0.0 0.0 0.0 0.0 0.0 0.0 1839.0 0.0 0.0 0.0 0.0 191.0 174.0 191.0 165.0 169.0 190.0 0.0 182.0 195.0 191.0 191.0 185.0 183.0 185.0 190.0 170.0 196.0 0.0 168.0 196.0 192.0 174.0 163.0 185.0 187.0 183.0 190.0 172.0 0.0 210.0 193.0 195.0 161.0 187.0 203.0 183.0 194.0 188.0 186.0 0.0 175.0 170.0 179.0 174.0 184.0 190.0 186.0 192.0 174.0 202.0 0.0 195.0 174.0 157.0 185.0 193.0 171.0 150.0 176.0 178.0 184.0 0.0 204.0 187.0 182.0 214.0 187.0 182.0 192.0 184.0 201.0 177.0 0.0 151.0 178.0 188.0 199.0 187.0 194.0 191.0 174.0 182.0 172.0 0.0 187.0 174.0 195.0 183.0 190.0 172.0 159.0 208.0 188.0 170.0 0.0 170.0 189.0 199.0 194.0
189.0 179.0 183.0 185.0 196.0 161.0 194.0 0.0 188.0 187.0 172.0 0.0 0.0 0.0 0.0 0.0 0.0 0.0 1834.0 0.0 0.0 0.0 176.0 183.0 191.0 196.0 199.0 164.0 171.0 0.0 184.0 185.0 185.0 171.0 218.0 198.0 154.0 177.0 180.0 204.0 0.0 167.0 171.0 194.0 187.0 176.0 188.0 193.0 174.0 200.0 182.0 0.0 172.0 188.0 174.0 171.0 186.0 181.0 188.0 206.0 201.0 181.0 0.0 169.0 187.0 164.0 186.0 171.0 184.0 192.0 180.0 193.0 170.0 0.0 172.0 195.0 191.0 190.0 174.0 201.0 177.0 177.0 186.0 179.0 0.0 184.0 188.0 178.0 190.0 192.0 167.0 179.0 165.0 177.0 191.0 0.0 199.0 195.0 179.0 187.0 166.0 173.0 175.0 181.0 189.0 161.0 0.0 194.0 180.0 228.0 187.0 189.0 168.0 195.0 179.0 183.0 201.0 0.0 205.0 158.0 169.0
179.0 213.0 169.0 165.0 183.0 190.0 189.0 170.0 0.0 207.0 185.0 0.0 0.0 0.0 0.0 0.0 0.0 0.0 0.0 1850.0 0.0 0.0 170.0 186.0 188.0 175.0 204.0 187.0 179.0 182.0 0.0 197.0 182.0 205.0 172.0 175.0 196.0 175.0 201.0 161.0 206.0 0.0 181.0 178.0 230.0 179.0 166.0 193.0 187.0 149.0 199.0 184.0 0.0 177.0 186.0 167.0 175.0 186.0 201.0 166.0 200.0 218.0 174.0 0.0 158.0 205.0 174.0 182.0 201.0 177.0 184.0 191.0 191.0 194.0 0.0 171.0 185.0 196.0 192.0 214.0 164.0 195.0 166.0 182.0 178.0 0.0 183.0 180.0 188.0 166.0 180.0 191.0 187.0 186.0 189.0 187.0 0.0 183.0 193.0 171.0 184.0 209.0 175.0 185.0 200.0 153.0 196.0 0.0 197.0 180.0 170.0 201.0 162.0 213.0 184.0 180.0 189.0 179.0 0.0 196.0 176.0
160.0 162.0 165.0 191.0 195.0 188.0 181.0 176.0 177.0 0.0 174.0 0.0 0.0 0.0 0.0 0.0 0.0 0.0 0.0 0.0 1769.0 0.0 181.0 183.0 171.0 177.0 170.0 153.0 180.0 190.0 217.0 0.0 147.0 162.0 164.0 173.0 173.0 181.0 193.0 180.0 181.0 179.0 0.0 183.0 192.0 167.0 158.0 179.0 175.0 183.0 195.0 163.0 167.0 0.0 190.0 173.0 185.0 196.0 179.0 161.0 176.0 164.0 169.0 179.0 0.0 187.0 188.0 194.0 160.0 163.0 196.0 169.0 158.0 171.0 177.0 0.0 193.0 180.0 166.0 197.0 188.0 160.0 197.0 169.0 169.0 155.0 0.0 188.0 170.0 184.0 188.0 160.0 198.0 178.0 173.0 169.0 173.0 0.0 176.0 172.0 182.0 176.0 186.0 186.0 175.0 163.0 193.0 167.0 0.0 169.0 191.0 182.0 185.0 173.0 147.0 157.0 206.0 188.0 178.0 0.0 162.0
196.0 173.0 190.0 190.0 181.0 161.0 178.0 190.0 198.0 193.0 0.0 0.0 0.0 0.0 0.0 0.0 0.0 0.0 0.0 0.0 0.0 1850.0 204.0 199.0 169.0 178.0 179.0 190.0 178.0 201.0 176.0 176.0 0.0 199.0 189.0 188.0 187.0 195.0 194.0 193.0 184.0 164.0 157.0 0.0 155.0 180.0 210.0 177.0 188.0 185.0 166.0 194.0 204.0 191.0 0.0 181.0 187.0 197.0 192.0 174.0 199.0 184.0 172.0 178.0 186.0 0.0 159.0 172.0 163.0 193.0 199.0 185.0 184.0 175.0 209.0 211.0 0.0 197.0 189.0 171.0 197.0 175.0 184.0 183.0 173.0 175.0 206.0 0.0 156.0 201.0 191.0 181.0 184.0 191.0 205.0 183.0 194.0 164.0 0.0 194.0 182.0 196.0 163.0 191.0 181.0 195.0 180.0 184.0 184.0 0.0 209.0 178.0 175.0 192.0 184.0 180.0 184.0 198.0 168.0 182.0 0.0
0.0 179.0 194.0 175.0 181.0 176.0 164.0 185.0 171.0 188.0 168.0 0.0 168.0 182.0 160.0 173.0 176.0 191.0 176.0 170.0 181.0 204.0 1781.0 0.0 0.0 0.0 0.0 0.0 0.0 0.0 0.0 0.0 0.0 0.0 174.0 170.0 174.0 191.0 191.0 173.0 180.0 179.0 172.0 177.0 0.0 164.0 180.0 188.0 171.0 191.0 189.0 192.0 194.0 153.0 159.0 0.0 174.0 143.0 188.0 191.0 186.0 181.0 174.0 186.0 191.0 167.0 0.0 215.0 186.0 162.0 164.0 184.0 172.0 171.0 178.0 161.0 188.0 0.0 183.0 177.0 181.0 154.0 180.0 199.0 189.0 185.0 160.0 173.0 0.0 169.0 191.0 185.0 181.0 159.0 177.0 152.0 183.0 189.0 195.0 0.0 165.0 200.0 186.0 189.0 177.0 165.0 179.0 156.0 198.0 166.0 0.0 190.0 158.0 182.0 186.0 161.0 170.0 183.0 179.0 188.0 184.0
158.0 0.0 182.0 180.0 183.0 182.0 203.0 201.0 205.0 204.0 184.0 212.0 0.0 180.0 183.0 203.0 179.0 174.0 183.0 186.0 183.0 199.0 0.0 1882.0 0.0 0.0 0.0 0.0 0.0 0.0 0.0 0.0 0.0 192.0 0.0 196.0 192.0 164.0 190.0 172.0 198.0 181.0 206.0 191.0 201.0 0.0 176.0 184.0 190.0 175.0 159.0 195.0 189.0 208.0 205.0 176.0 0.0 196.0 202.0 200.0 209.0 195.0 178.0 193.0 168.0 165.0 188.0 0.0 183.0 173.0 208.0 200.0 203.0 190.0 178.0 179.0 180.0 190.0 0.0 183.0 180.0 169.0 183.0 196.0 176.0 195.0 206.0 204.0 185.0 0.0 213.0 193.0 173.0 191.0 183.0 189.0 204.0 171.0 180.0 183.0 0.0 199.0 190.0 211.0 181.0 179.0 194.0 177.0 180.0 188.0 197.0 0.0 174.0 205.0 181.0 192.0 218.0 178.0 174.0 177.0 186.0
178.0 179.0 0.0 159.0 203.0 177.0 178.0 175.0 192.0 180.0 165.0 179.0 190.0 0.0 159.0 172.0 176.0 191.0 191.0 188.0 171.0 169.0 0.0 0.0 1786.0 0.0 0.0 0.0 0.0 0.0 0.0 0.0 0.0 159.0 159.0 0.0 162.0 175.0 196.0 194.0 184.0 186.0 180.0 191.0 203.0 172.0 0.0 175.0 176.0 171.0 194.0 173.0 173.0 178.0 171.0 177.0 176.0 0.0 196.0 171.0 184.0 175.0 183.0 174.0 151.0 199.0 178.0 191.0 0.0 194.0 194.0 175.0 168.0 180.0 173.0 158.0 175.0 175.0 191.0 0.0 184.0 173.0 183.0 180.0 164.0 171.0 185.0 180.0 192.0 188.0 0.0 186.0 173.0 174.0 173.0 171.0 172.0 190.0 167.0 180.0 171.0 0.0 180.0 178.0 151.0 158.0 185.0 190.0 212.0 181.0 165.0 169.0 0.0 191.0 171.0 199.0 175.0 180.0 167.0 181.0 188.0
185.0 196.0 170.0 0.0 166.0 182.0 169.0 169.0 180.0 189.0 182.0 153.0 181.0 196.0 0.0 182.0 185.0 165.0 196.0 175.0 177.0 178.0 0.0 0.0 0.0 1788.0 0.0 0.0 0.0 0.0 0.0 0.0 0.0 177.0 158.0 176.0 0.0 172.0 203.0 196.0 166.0 177.0 168.0 195.0 191.0 157.0 190.0 0.0 173.0 168.0 194.0 183.0 172.0 176.0 184.0 167.0 177.0 191.0 0.0 177.0 183.0 181.0 174.0 177.0 187.0 174.0 175.0 185.0 169.0 0.0 190.0 182.0 171.0 184.0 177.0 165.0 190.0 188.0 198.0 167.0 0.0 182.0 152.0 181.0 170.0 184.0 194.0 172.0 177.0 175.0 196.0 0.0 163.0 186.0 176.0 174.0 186.0 182.0 173.0 188.0 173.0 177.0 0.0 192.0 174.0 160.0 195.0 182.0 162.0 185.0 187.0 188.0 156.0 0.0 191.0 173.0 195.0 177.0 178.0 188.0 155.0
166.0 190.0 180.0 184.0 0.0 177.0 179.0 150.0 194.0 180.0 208.0 189.0 157.0 176.0 184.0 0.0 181.0 169.0 199.0 204.0 170.0 179.0 0.0 0.0 0.0 0.0 1808.0 0.0 0.0 0.0 0.0 0.0 0.0 175.0 193.0 190.0 189.0 0.0 168.0 179.0 156.0 170.0 198.0 190.0 191.0 151.0 212.0 180.0 0.0 181.0 170.0 176.0 177.0 195.0 175.0 172.0 208.0 157.0 172.0 0.0 183.0 183.0 200.0 188.0 175.0 170.0 168.0 187.0 190.0 169.0 0.0 184.0 195.0 176.0 182.0 171.0 186.0 200.0 188.0 173.0 174.0 0.0 175.0 168.0 189.0 184.0 177.0 180.0 190.0 166.0 158.0 186.0 0.0 193.0 206.0 182.0 159.0 202.0 166.0 159.0 158.0 197.0 178.0 0.0 202.0 173.0 208.0 175.0 182.0 176.0 198.0 210.0 175.0 192.0 0.0 164.0 186.0 172.0 175.0 158.0 178.0
164.0 187.0 143.0 192.0 182.0 0.0 180.0 222.0 179.0 172.0 182.0 180.0 162.0 196.0 206.0 175.0 0.0 190.0 164.0 187.0 153.0 190.0 0.0 0.0 0.0 0.0 0.0 1803.0 0.0 0.0 0.0 0.0 0.0 206.0 156.0 191.0 201.0 196.0 0.0 169.0 154.0 185.0 157.0 188.0 170.0 189.0 157.0 174.0 179.0 0.0 190.0 185.0 188.0 189.0 182.0 176.0 166.0 196.0 170.0 160.0 0.0 189.0 174.0 187.0 193.0 192.0 186.0 183.0 177.0 177.0 177.0 0.0 159.0 177.0 178.0 187.0 202.0 176.0 181.0 196.0 180.0 184.0 0.0 180.0 189.0 170.0 193.0 154.0 182.0 186.0 201.0 172.0 189.0 0.0 169.0 177.0 168.0 188.0 171.0 188.0 196.0 175.0 168.0 176.0 0.0 186.0 176.0 196.0 170.0 172.0 175.0 197.0 171.0 163.0 185.0 0.0 191.0 185.0 165.0 201.0 170.0
197.0 196.0 186.0 167.0 180.0 165.0 0.0 177.0 175.0 169.0 202.0 201.0 190.0 183.0 179.0 162.0 191.0 0.0 171.0 179.0 180.0 178.0 0.0 0.0 0.0 0.0 0.0 0.0 1814.0 0.0 0.0 0.0 0.0 177.0 197.0 169.0 215.0 179.0 195.0 0.0 197.0 154.0 166.0 165.0 164.0 171.0 190.0 179.0 193.0 157.0 0.0 171.0 197.0 211.0 181.0 172.0 166.0 177.0 177.0 170.0 208.0 0.0 193.0 199.0 169.0 183.0 151.0 186.0 162.0 181.0 191.0 204.0 0.0 191.0 194.0 169.0 185.0 169.0 184.0 201.0 196.0 190.0 165.0 0.0 188.0 158.0 192.0 171.0 192.0 201.0 166.0 147.0 194.0 191.0 0.0 175.0 194.0 184.0 170.0 202.0 160.0 196.0 181.0 184.0 174.0 0.0 178.0 152.0 192.0 195.0 189.0 163.0 184.0 192.0 171.0 164.0 0.0 173.0 212.0 182.0 184.0
183.0 173.0 177.0 203.0 195.0 182.0 179.0 0.0 197.0 199.0 185.0 191.0 193.0 183.0 195.0 170.0 186.0 182.0 0.0 182.0 190.0 201.0 0.0 0.0 0.0 0.0 0.0 0.0 0.0 1873.0 0.0 0.0 0.0 185.0 192.0 167.0 158.0 192.0 214.0 189.0 0.0 182.0 201.0 193.0 197.0 191.0 173.0 188.0 206.0 174.0 165.0 0.0 178.0 195.0 206.0 176.0 191.0 196.0 201.0 203.0 182.0 192.0 0.0 175.0 176.0 181.0 197.0 150.0 201.0 184.0 177.0 203.0 211.0 0.0 200.0 171.0 179.0 206.0 201.0 216.0 162.0 187.0 163.0 205.0 0.0 181.0 170.0 182.0 176.0 214.0 165.0 191.0 184.0 194.0 192.0 0.0 184.0 191.0 182.0 185.0 197.0 188.0 191.0 182.0 185.0 180.0 0.0 200.0 186.0 179.0 177.0 171.0 207.0 200.0 177.0 190.0 178.0 0.0 194.0 194.0 185.0
185.0 192.0 191.0 186.0 199.0 171.0 173.0 189.0 0.0 166.0 186.0 175.0 158.0 213.0 186.0 166.0 168.0 195.0 184.0 0.0 217.0 176.0 0.0 0.0 0.0 0.0 0.0 0.0 0.0 0.0 1838.0 0.0 0.0 161.0 196.0 196.0 174.0 186.0 169.0 183.0 174.0 0.0 210.0 189.0 166.0 196.0 158.0 179.0 182.0 196.0 209.0 193.0 0.0 179.0 180.0 201.0 178.0 201.0 198.0 192.0 185.0 189.0 165.0 0.0 176.0 153.0 181.0 192.0 166.0 200.0 161.0 200.0 180.0 187.0 0.0 201.0 170.0 190.0 167.0 165.0 178.0 193.0 225.0 168.0 171.0 0.0 181.0 200.0 195.0 180.0 194.0 175.0 186.0 184.0 173.0 191.0 0.0 158.0 202.0 182.0 188.0 190.0 185.0 189.0 152.0 181.0 202.0 0.0 165.0 204.0 202.0 191.0 164.0 177.0 184.0 188.0 187.0 182.0 0.0 185.0 178.0
169.0 185.0 200.0 176.0 184.0 193.0 195.0 192.0 198.0 0.0 189.0 200.0 194.0 199.0 199.0 174.0 166.0 191.0 185.0 197.0 0.0 176.0 0.0 0.0 0.0 0.0 0.0 0.0 0.0 0.0 0.0 1881.0 0.0 184.0 200.0 177.0 173.0 173.0 191.0 199.0 197.0 193.0 0.0 194.0 190.0 182.0 197.0 187.0 191.0 208.0 194.0 175.0 193.0 0.0 164.0 186.0 175.0 175.0 199.0 171.0 201.0 204.0 186.0 191.0 0.0 193.0 178.0 191.0 196.0 201.0 203.0 185.0 182.0 183.0 183.0 0.0 179.0 203.0 173.0 188.0 190.0 196.0 180.0 185.0 196.0 174.0 0.0 196.0 180.0 209.0 190.0 172.0 207.0 188.0 170.0 193.0 173.0 0.0 199.0 204.0 176.0 176.0 188.0 203.0 182.0 178.0 169.0 206.0 0.0 199.0 187.0 196.0 183.0 196.0 179.0 187.0 183.0 205.0 173.0 0.0 192.0
153.0 180.0 158.0 168.0 186.0 173.0 173.0 193.0 170.0 192.0 0.0 177.0 179.0 174.0 158.0 172.0 181.0 191.0 185.0 182.0 147.0 0.0 0.0 0.0 0.0 0.0 0.0 0.0 0.0 0.0 0.0 0.0 1746.0 174.0 184.0 156.0 180.0 172.0 185.0 171.0 188.0 183.0 153.0 0.0 186.0 176.0 175.0 166.0 173.0 175.0 164.0 163.0 163.0 205.0 0.0 175.0 178.0 171.0 199.0 161.0 187.0 194.0 150.0 164.0 167.0 0.0 191.0 159.0 184.0 184.0 163.0 166.0 177.0 182.0 176.0 164.0 0.0 156.0 168.0 207.0 169.0 178.0 171.0 159.0 168.0 160.0 210.0 0.0 192.0 162.0 164.0 183.0 174.0 174.0 200.0 158.0 183.0 156.0 0.0 168.0 185.0 183.0 164.0 185.0 175.0 166.0 182.0 177.0 161.0 0.0 174.0 175.0 174.0 175.0 182.0 159.0 151.0 177.0 188.0 191.0 0.0
0.0 187.0 175.0 166.0 193.0 180.0 170.0 184.0 176.0 176.0 183.0 0.0 174.0 180.0 191.0 151.0 172.0 185.0 171.0 205.0 162.0 199.0 0.0 192.0 159.0 177.0 175.0 206.0 177.0 185.0 161.0 184.0 174.0 1790.0 0.0 0.0 0.0 0.0 0.0 0.0 0.0 0.0 0.0 0.0 0.0 166.0 184.0 172.0 205.0 183.0 183.0 180.0 161.0 189.0 167.0 0.0 167.0 192.0 187.0 193.0 164.0 157.0 186.0 194.0 178.0 172.0 0.0 173.0 167.0 180.0 177.0 190.0 177.0 188.0 189.0 179.0 170.0 0.0 185.0 203.0 179.0 176.0 177.0 186.0 169.0 165.0 172.0 178.0 0.0 165.0 186.0 156.0 192.0 183.0 200.0 174.0 185.0 172.0 177.0 0.0 191.0 176.0 191.0 174.0 156.0 164.0 178.0 184.0 179.0 197.0 0.0 190.0 168.0 191.0 154.0 179.0 191.0 175.0 170.0 199.0 173.0
184.0 0.0 160.0 191.0 156.0 190.0 181.0 185.0 181.0 195.0 186.0 158.0 0.0 183.0 184.0 158.0 200.0 183.0 218.0 172.0 164.0 189.0 174.0 0.0 159.0 158.0 193.0 156.0 197.0 192.0 196.0 200.0 184.0 0.0 1809.0 0.0 0.0 0.0 0.0 0.0 0.0 0.0 0.0 0.0 162.0 0.0 184.0 193.0 174.0 183.0 185.0 176.0 198.0 189.0 165.0 200.0 0.0 206.0 164.0 192.0 182.0 176.0 174.0 166.0 153.0 196.0 175.0 0.0 179.0 178.0 187.0 189.0 171.0 209.0 175.0 177.0 169.0 193.0 0.0 195.0 168.0 177.0 180.0 165.0 173.0 184.0 199.0 175.0 187.0 0.0 186.0 171.0 184.0 190.0 190.0 167.0 172.0 200.0 162.0 191.0 0.0 199.0 211.0 193.0 166.0 161.0 156.0 180.0 153.0 199.0 185.0 0.0 158.0 191.0 195.0 173.0 200.0 159.0 185.0 179.0 184.0
185.0 153.0 0.0 177.0 191.0 167.0 175.0 188.0 177.0 188.0 187.0 196.0 181.0 0.0 158.0 157.0 177.0 185.0 198.0 175.0 173.0 188.0 170.0 196.0 0.0 176.0 190.0 191.0 169.0 167.0 196.0 177.0 156.0 0.0 0.0 1788.0 0.0 0.0 0.0 0.0 0.0 0.0 0.0 0.0 166.0 182.0 0.0 172.0 173.0 177.0 190.0 182.0 163.0 192.0 191.0 182.0 185.0 0.0 203.0 168.0 183.0 182.0 152.0 186.0 174.0 173.0 169.0 165.0 0.0 196.0 194.0 181.0 171.0 181.0 176.0 160.0 195.0 169.0 196.0 0.0 166.0 183.0 174.0 184.0 170.0 174.0 195.0 177.0 180.0 175.0 0.0 177.0 172.0 177.0 177.0 184.0 186.0 182.0 178.0 189.0 177.0 0.0 168.0 176.0 187.0 165.0 194.0 182.0 162.0 188.0 182.0 178.0 0.0 195.0 184.0 174.0 190.0 172.0 173.0 185.0 155.0
182.0 192.0 174.0 0.0 176.0 168.0 184.0 200.0 198.0 168.0 176.0 192.0 166.0 192.0 0.0 182.0 186.0 190.0 154.0 196.0 173.0 187.0 174.0 192.0 162.0 0.0 189.0 201.0 215.0 158.0 174.0 173.0 180.0 0.0 0.0 0.0 1818.0 0.0 0.0 0.0 0.0 0.0 0.0 0.0 176.0 182.0 189.0 0.0 158.0 172.0 188.0 178.0 189.0 204.0 182.0 168.0 186.0 201.0 0.0 172.0 202.0 172.0 173.0 174.0 195.0 175.0 184.0 190.0 215.0 0.0 188.0 172.0 178.0 187.0 156.0 167.0 181.0 200.0 154.0 158.0 0.0 178.0 173.0 187.0 190.0 187.0 197.0 194.0 198.0 196.0 174.0 0.0 189.0 174.0 156.0 187.0 166.0 177.0 201.0 168.0 173.0 173.0 0.0 204.0 195.0 167.0 197.0 177.0 196.0 168.0 176.0 187.0 180.0 0.0 182.0 175.0 181.0 194.0 201.0 168.0 174.0
168.0 187.0 188.0 172.0 0.0 191.0 157.0 196.0 194.0 185.0 162.0 184.0 174.0 184.0 193.0 0.0 167.0 170.0 177.0 175.0 181.0 195.0 191.0 164.0 175.0 172.0 0.0 196.0 179.0 192.0 186.0 173.0 172.0 0.0 0.0 0.0 0.0 1800.0 0.0 0.0 0.0 0.0 0.0 0.0 181.0 188.0 180.0 176.0 0.0 160.0 190.0 180.0 178.0 176.0 191.0 176.0 162.0 174.0 189.0 0.0 193.0 196.0 184.0 167.0 169.0 190.0 189.0 183.0 179.0 183.0 0.0 181.0 161.0 164.0 198.0 176.0 186.0 168.0 193.0 188.0 199.0 0.0 179.0 178.0 160.0 154.0 189.0 192.0 182.0 193.0 179.0 170.0 0.0 168.0 201.0 190.0 183.0 176.0 158.0 178.0 179.0 187.0 156.0 0.0 183.0 187.0 167.0 198.0 189.0 176.0 183.0 177.0 166.0 190.0 0.0 182.0 181.0 190.0 167.0 186.0 178.0
197.0 194.0 188.0 187.0 187.0 0.0 198.0 163.0 210.0 184.0 194.0 187.0 198.0 202.0 164.0 187.0 0.0 196.0 180.0 201.0 193.0 194.0 191.0 190.0 196.0 203.0 168.0 0.0 195.0 214.0 169.0 191.0 185.0 0.0 0.0 0.0 0.0 0.0 1902.0 0.0 0.0 0.0 0.0 0.0 190.0 186.0 172.0 189.0 216.0 0.0 184.0 192.0 186.0 186.0 201.0 169.0 180.0 170.0 212.0 199.0 0.0 236.0 200.0 180.0 190.0 166.0 190.0 194.0 177.0 213.0 190.0 0.0 194.0 184.0 190.0 186.0 184.0 200.0 188.0 201.0 181.0 169.0 0.0 186.0 199.0 184.0 196.0 198.0 195.0 201.0 198.0 179.0 203.0 0.0 180.0 167.0 195.0 203.0 181.0 197.0 179.0 199.0 197.0 207.0 0.0 171.0 198.0 176.0 187.0 191.0 186.0 192.0 199.0 177.0 176.0 0.0 162.0 205.0 211.0 186.0 208.0
170.0 202.0 162.0 180.0 190.0 176.0 0.0 198.0 192.0 161.0 194.0 193.0 185.0 173.0 178.0 177.0 181.0 0.0 204.0 161.0 180.0 193.0 173.0 172.0 194.0 196.0 179.0 169.0 0.0 189.0 183.0 199.0 171.0 0.0 0.0 0.0 0.0 0.0 0.0 1825.0 0.0 0.0 0.0 0.0 209.0 165.0 169.0 183.0 178.0 184.0 0.0 167.0 194.0 189.0 187.0 178.0 184.0 177.0 213.0 155.0 198.0 0.0 160.0 190.0 188.0 182.0 172.0 192.0 181.0 178.0 195.0 191.0 0.0 188.0 173.0 180.0 175.0 176.0 192.0 184.0 172.0 186.0 187.0 0.0 179.0 190.0 174.0 185.0 192.0 177.0 200.0 168.0 180.0 191.0 0.0 189.0 166.0 164.0 198.0 179.0 163.0 201.0 170.0 201.0 163.0 0.0 172.0 197.0 203.0 176.0 183.0 193.0 184.0 187.0 184.0 185.0 0.0 179.0 179.0 187.0 164.0
165.0 193.0 181.0 179.0 195.0 183.0 162.0 0.0 168.0 186.0 182.0 169.0 166.0 180.0 168.0 192.0 180.0 168.0 0.0 206.0 181.0 184.0 180.0 198.0 184.0 166.0 156.0 154.0 197.0 0.0 174.0 197.0 188.0 0.0 0.0 0.0 0.0 0.0 0.0 0.0 1794.0 0.0 0.0 0.0 208.0 157.0 174.0 199.0 179.0 169.0 180.0 0.0 183.0 187.0 158.0 180.0 178.0 180.0 181.0 177.0 173.0 180.0 0.0 209.0 142.0 194.0 163.0 176.0 196.0 172.0 167.0 217.0 184.0 0.0 175.0 175.0 169.0 186.0 177.0 162.0 186.0 187.0 184.0 188.0 0.0 169.0 175.0 180.0 166.0 164.0 178.0 194.0 178.0 186.0 187.0 0.0 190.0 167.0 184.0 183.0 188.0 190.0 186.0 180.0 174.0 174.0 0.0 164.0 185.0 170.0 194.0 197.0 169.0 163.0 183.0 174.0 174.0 0.0 156.0 199.0 185.0
151.0 184.0 185.0 156.0 203.0 185.0 178.0 164.0 0.0 197.0 187.0 189.0 190.0 193.0 171.0 187.0 154.0 196.0 167.0 0.0 179.0 164.0 179.0 181.0 186.0 177.0 170.0 185.0 154.0 182.0 0.0 193.0 183.0 0.0 0.0 0.0 0.0 0.0 0.0 0.0 0.0 1790.0 0.0 0.0 175.0 167.0 186.0 170.0 182.0 196.0 170.0 181.0 0.0 186.0 177.0 159.0 173.0 172.0 179.0 185.0 198.0 185.0 202.0 0.0 176.0 161.0 174.0 184.0 147.0 168.0 165.0 190.0 215.0 172.0 0.0 173.0 202.0 194.0 179.0 191.0 194.0 187.0 164.0 178.0 177.0 0.0 166.0 160.0 188.0 191.0 175.0 182.0 172.0 182.0 168.0 176.0 0.0 169.0 187.0 182.0 160.0 172.0 190.0 185.0 154.0 183.0 205.0 0.0 175.0 184.0 199.0 181.0 183.0 203.0 154.0 182.0 163.0 164.0 0.0 176.0 185.0
165.0 187.0 186.0 191.0 167.0 155.0 210.0 186.0 164.0 0.0 200.0 186.0 168.0 190.0 211.0 183.0 172.0 192.0 171.0 181.0 0.0 157.0 172.0 206.0 180.0 168.0 198.0 157.0 166.0 201.0 210.0 0.0 153.0 0.0 0.0 0.0 0.0 0.0 0.0 0.0 0.0 0.0 1811.0 0.0 183.0 191.0 178.0 156.0 180.0 190.0 160.0 194.0 191.0 0.0 188.0 186.0 186.0 168.0 197.0 177.0 203.0 201.0 169.0 156.0 0.0 168.0 185.0 174.0 181.0 170.0 176.0 180.0 187.0 165.0 190.0 0.0 203.0 187.0 175.0 191.0 186.0 181.0 181.0 185.0 185.0 167.0 0.0 173.0 197.0 175.0 185.0 190.0 168.0 198.0 165.0 174.0 180.0 0.0 179.0 173.0 186.0 188.0 170.0 170.0 202.0 153.0 192.0 181.0 0.0 196.0 177.0 163.0 164.0 172.0 211.0 173.0 192.0 174.0 191.0 0.0 194.0
171.0 178.0 182.0 191.0 201.0 183.0 178.0 189.0 201.0 199.0 0.0 203.0 170.0 205.0 191.0 175.0 200.0 174.0 194.0 178.0 183.0 0.0 177.0 191.0 191.0 195.0 190.0 188.0 165.0 193.0 189.0 194.0 0.0 0.0 0.0 0.0 0.0 0.0 0.0 0.0 0.0 0.0 0.0 1873.0 209.0 165.0 192.0 190.0 189.0 182.0 198.0 176.0 181.0 191.0 0.0 180.0 188.0 163.0 177.0 178.0 212.0 198.0 177.0 212.0 188.0 0.0 192.0 208.0 192.0 187.0 189.0 192.0 180.0 183.0 197.0 153.0 0.0 180.0 195.0 200.0 163.0 182.0 178.0 184.0 198.0 188.0 205.0 0.0 176.0 213.0 177.0 203.0 186.0 185.0 195.0 154.0 183.0 201.0 0.0 199.0 173.0 196.0 172.0 199.0 173.0 201.0 209.0 172.0 179.0 0.0 186.0 192.0 175.0 204.0 184.0 180.0 200.0 200.0 172.0 180.0 0.0
0.0 183.0 181.0 193.0 204.0 172.0 171.0 176.0 168.0 199.0 212.0 0.0 189.0 183.0 156.0 227.0 177.0 163.0 187.0 230.0 192.0 155.0 0.0 201.0 203.0 191.0 191.0 170.0 164.0 197.0 166.0 190.0 186.0 0.0 162.0 166.0 176.0 181.0 190.0 209.0 208.0 175.0 183.0 209.0 1859.0 0.0 0.0 0.0 0.0 0.0 0.0 0.0 0.0 0.0 0.0 0.0 170.0 182.0 187.0 165.0 209.0 229.0 171.0 192.0 182.0 172.0 0.0 199.0 180.0 190.0 179.0 195.0 184.0 184.0 183.0 171.0 194.0 0.0 196.0 195.0 195.0 177.0 183.0 176.0 184.0 188.0 202.0 163.0 0.0 183.0 199.0 203.0 158.0 194.0 181.0 183.0 181.0 167.0 210.0 0.0 195.0 184.0 167.0 205.0 185.0 183.0 172.0 184.0 190.0 194.0 0.0 181.0 186.0 201.0 172.0 184.0 199.0 197.0 192.0 183.0 164.0
163.0 0.0 173.0 151.0 227.0 158.0 176.0 188.0 191.0 157.0 165.0 180.0 0.0 203.0 158.0 164.0 157.0 185.0 176.0 179.0 167.0 180.0 164.0 0.0 172.0 157.0 151.0 189.0 171.0 191.0 196.0 182.0 176.0 166.0 0.0 182.0 182.0 188.0 186.0 165.0 157.0 167.0 191.0 165.0 0.0 1749.0 0.0 0.0 0.0 0.0 0.0 0.0 0.0 0.0 0.0 179.0 0.0 175.0 187.0 143.0 179.0 188.0 156.0 200.0 167.0 175.0 179.0 0.0 162.0 177.0 151.0 188.0 192.0 185.0 158.0 183.0 174.0 182.0 0.0 170.0 192.0 170.0 172.0 179.0 172.0 164.0 176.0 172.0 176.0 0.0 166.0 187.0 173.0 187.0 166.0 174.0 159.0 181.0 180.0 165.0 0.0 174.0 183.0 185.0 175.0 164.0 183.0 168.0 175.0 177.0 195.0 0.0 172.0 175.0 197.0 158.0 163.0 167.0 167.0 170.0 185.0
166.0 189.0 0.0 175.0 191.0 172.0 168.0 200.0 190.0 159.0 198.0 190.0 157.0 0.0 193.0 151.0 208.0 187.0 188.0 166.0 158.0 210.0 180.0 176.0 0.0 190.0 212.0 157.0 190.0 173.0 158.0 197.0 175.0 184.0 184.0 0.0 189.0 180.0 172.0 169.0 174.0 186.0 178.0 192.0 0.0 0.0 1808.0 0.0 0.0 0.0 0.0 0.0 0.0 0.0 0.0 177.0 181.0 0.0 168.0 181.0 183.0 184.0 175.0 193.0 202.0 164.0 179.0 169.0 0.0 179.0 170.0 183.0 195.0 168.0 206.0 173.0 186.0 150.0 199.0 0.0 156.0 176.0 200.0 176.0 189.0 182.0 208.0 172.0 194.0 204.0 0.0 170.0 177.0 188.0 182.0 184.0 159.0 175.0 175.0 180.0 170.0 0.0 198.0 195.0 175.0 171.0 177.0 202.0 182.0 158.0 208.0 179.0 0.0 190.0 175.0 170.0 186.0 180.0 166.0 176.0 178.0
168.0 184.0 191.0 0.0 181.0 176.0 189.0 168.0 182.0 178.0 183.0 187.0 174.0 164.0 0.0 188.0 162.0 183.0 193.0 193.0 179.0 177.0 188.0 184.0 175.0 0.0 180.0 174.0 179.0 188.0 179.0 187.0 166.0 172.0 193.0 172.0 0.0 176.0 189.0 183.0 199.0 170.0 156.0 190.0 0.0 0.0 0.0 1800.0 0.0 0.0 0.0 0.0 0.0 0.0 0.0 191.0 167.0 196.0 0.0 160.0 193.0 181.0 179.0 168.0 183.0 182.0 157.0 170.0 179.0 0.0 190.0 196.0 161.0 178.0 201.0 187.0 181.0 196.0 177.0 192.0 0.0 180.0 184.0 164.0 160.0 190.0 167.0 190.0 194.0 175.0 186.0 0.0 178.0 167.0 198.0 154.0 183.0 198.0 167.0 185.0 181.0 173.0 0.0 176.0 169.0 176.0 189.0 176.0 189.0 186.0 162.0 195.0 172.0 0.0 191.0 190.0 186.0 192.0 158.0 176.0 178.0
170.0 201.0 171.0 205.0 0.0 157.0 199.0 171.0 195.0 178.0 187.0 201.0 188.0 190.0 174.0 0.0 167.0 190.0 174.0 187.0 175.0 188.0 171.0 190.0 176.0 173.0 0.0 179.0 193.0 206.0 182.0 191.0 173.0 205.0 174.0 173.0 158.0 0.0 216.0 178.0 179.0 182.0 180.0 189.0 0.0 0.0 0.0 0.0 1834.0 0.0 0.0 0.0 0.0 0.0 0.0 157.0 167.0 179.0 216.0 0.0 204.0 195.0 192.0 174.0 173.0 177.0 199.0 190.0 193.0 178.0 0.0 195.0 178.0 185.0 166.0 168.0 182.0 171.0 174.0 206.0 179.0 0.0 192.0 185.0 172.0 180.0 197.0 178.0 195.0 187.0 182.0 182.0 0.0 174.0 166.0 180.0 206.0 175.0 187.0 178.0 175.0 191.0 180.0 0.0 173.0 168.0 197.0 175.0 210.0 187.0 187.0 188.0 173.0 189.0 0.0 177.0 182.0 178.0 187.0 187.0 186.0
164.0 173.0 191.0 193.0 165.0 0.0 175.0 166.0 181.0 202.0 186.0 193.0 179.0 200.0 192.0 143.0 0.0 172.0 200.0 149.0 183.0 185.0 191.0 175.0 171.0 168.0 181.0 0.0 157.0 174.0 196.0 208.0 175.0 183.0 183.0 177.0 172.0 160.0 0.0 184.0 169.0 196.0 190.0 182.0 0.0 0.0 0.0 0.0 0.0 1796.0 0.0 0.0 0.0 0.0 0.0 179.0 191.0 160.0 199.0 190.0 0.0 185.0 182.0 196.0 155.0 159.0 178.0 188.0 170.0 155.0 199.0 0.0 171.0 177.0 185.0 184.0 189.0 187.0 206.0 203.0 177.0 173.0 0.0 177.0 177.0 149.0 173.0 174.0 169.0 166.0 192.0 185.0 195.0 0.0 201.0 195.0 163.0 159.0 171.0 170.0 161.0 171.0 177.0 187.0 0.0 182.0 181.0 199.0 159.0 209.0 182.0 174.0 161.0 178.0 203.0 0.0 192.0 175.0 182.0 183.0 166.0
178.0 199.0 164.0 177.0 179.0 185.0 0.0 209.0 183.0 187.0 167.0 198.0 178.0 208.0 187.0 151.0 164.0 0.0 182.0 199.0 195.0 166.0 189.0 159.0 194.0 194.0 170.0 190.0 0.0 165.0 209.0 194.0 164.0 183.0 185.0 190.0 188.0 190.0 184.0 0.0 180.0 170.0 160.0 198.0 0.0 0.0 0.0 0.0 0.0 0.0 1828.0 0.0 0.0 0.0 0.0 154.0 174.0 177.0 190.0 199.0 199.0 0.0 172.0 179.0 186.0 198.0 187.0 174.0 191.0 195.0 198.0 188.0 0.0 170.0 169.0 169.0 187.0 185.0 180.0 177.0 167.0 202.0 165.0 0.0 189.0 178.0 188.0 197.0 191.0 184.0 161.0 165.0 192.0 184.0 0.0 183.0 190.0 196.0 182.0 165.0 196.0 203.0 176.0 190.0 189.0 0.0 193.0 171.0 153.0 192.0 198.0 199.0 163.0 189.0 157.0 180.0 0.0 185.0 180.0 200.0 177.0
191.0 198.0 154.0 176.0 177.0 181.0 190.0 0.0 188.0 190.0 161.0 168.0 183.0 169.0 177.0 170.0 188.0 210.0 0.0 184.0 163.0 194.0 192.0 195.0 173.0 183.0 176.0 185.0 171.0 0.0 193.0 175.0 163.0 180.0 176.0 182.0 178.0 180.0 192.0 167.0 0.0 181.0 194.0 176.0 0.0 0.0 0.0 0.0 0.0 0.0 0.0 1806.0 0.0 0.0 0.0 161.0 169.0 184.0 169.0 173.0 186.0 178.0 0.0 188.0 211.0 187.0 180.0 178.0 190.0 186.0 202.0 177.0 166.0 0.0 175.0 162.0 190.0 188.0 177.0 187.0 187.0 172.0 171.0 173.0 0.0 172.0 182.0 197.0 183.0 195.0 193.0 187.0 174.0 173.0 196.0 0.0 173.0 159.0 173.0 196.0 160.0 196.0 181.0 192.0 174.0 181.0 0.0 170.0 184.0 172.0 167.0 175.0 178.0 182.0 190.0 179.0 174.0 0.0 182.0 186.0 193.0
167.0 179.0 181.0 192.0 158.0 184.0 171.0 199.0 0.0 198.0 195.0 196.0 157.0 173.0 184.0 173.0 205.0 193.0 172.0 0.0 167.0 204.0 194.0 189.0 173.0 172.0 177.0 188.0 197.0 178.0 0.0 193.0 163.0 161.0 198.0 163.0 189.0 178.0 186.0 194.0 183.0 0.0 191.0 181.0 0.0 0.0 0.0 0.0 0.0 0.0 0.0 0.0 1824.0 0.0 0.0 193.0 166.0 189.0 203.0 195.0 176.0 182.0 176.0 0.0 168.0 176.0 184.0 201.0 194.0 180.0 192.0 183.0 182.0 180.0 0.0 159.0 169.0 175.0 165.0 184.0 178.0 174.0 186.0 194.0 213.0 0.0 173.0 182.0 195.0 187.0 186.0 172.0 184.0 185.0 169.0 160.0 0.0 206.0 180.0 189.0 198.0 207.0 168.0 204.0 162.0 173.0 181.0 0.0 163.0 179.0 170.0 184.0 174.0 186.0 189.0 169.0 169.0 182.0 0.0 206.0 195.0
199.0 179.0 189.0 174.0 205.0 199.0 169.0 183.0 195.0 0.0 197.0 175.0 191.0 211.0 193.0 185.0 183.0 195.0 188.0 177.0 0.0 191.0 153.0 208.0 178.0 176.0 195.0 189.0 211.0 195.0 179.0 0.0 205.0 189.0 189.0 192.0 204.0 176.0 186.0 189.0 187.0 186.0 0.0 191.0 0.0 0.0 0.0 0.0 0.0 0.0 0.0 0.0 0.0 1889.0 0.0 210.0 197.0 176.0 207.0 187.0 185.0 174.0 189.0 177.0 0.0 187.0 173.0 182.0 184.0 201.0 190.0 196.0 189.0 199.0 193.0 0.0 182.0 219.0 181.0 182.0 180.0 192.0 168.0 206.0 176.0 198.0 0.0 187.0 196.0 185.0 189.0 185.0 204.0 191.0 185.0 178.0 196.0 0.0 180.0 193.0 186.0 203.0 170.0 188.0 190.0 175.0 199.0 194.0 0.0 191.0 182.0 191.0 185.0 199.0 167.0 202.0 196.0 195.0 194.0 0.0 178.0
172.0 172.0 186.0 154.0 172.0 194.0 185.0 193.0 188.0 191.0 0.0 169.0 176.0 181.0 195.0 197.0 178.0 161.0 174.0 186.0 190.0 0.0 159.0 205.0 171.0 184.0 175.0 182.0 181.0 206.0 180.0 164.0 0.0 167.0 165.0 191.0 182.0 191.0 201.0 187.0 158.0 177.0 188.0 0.0 0.0 0.0 0.0 0.0 0.0 0.0 0.0 0.0 0.0 0.0 1807.0 177.0 207.0 185.0 176.0 203.0 194.0 187.0 185.0 167.0 126.0 0.0 177.0 188.0 171.0 184.0 157.0 182.0 200.0 195.0 183.0 170.0 0.0 200.0 179.0 177.0 183.0 190.0 156.0 191.0 168.0 161.0 202.0 0.0 168.0 184.0 184.0 154.0 189.0 191.0 175.0 171.0 196.0 195.0 0.0 218.0 147.0 179.0 211.0 167.0 161.0 153.0 196.0 172.0 203.0 0.0 200.0 184.0 182.0 184.0 166.0 168.0 187.0 161.0 197.0 178.0 0.0
0.0 170.0 176.0 180.0 172.0 180.0 178.0 183.0 176.0 171.0 192.0 0.0 163.0 182.0 190.0 158.0 206.0 187.0 171.0 167.0 173.0 181.0 0.0 176.0 177.0 167.0 172.0 176.0 172.0 176.0 201.0 186.0 175.0 0.0 200.0 182.0 168.0 176.0 169.0 178.0 180.0 159.0 186.0 180.0 0.0 179.0 177.0 191.0 157.0 179.0 154.0 161.0 193.0 210.0 177.0 1778.0 0.0 0.0 0.0 0.0 0.0 0.0 0.0 0.0 0.0 0.0 0.0 190.0 165.0 176.0 185.0 164.0 180.0 190.0 171.0 172.0 185.0 0.0 161.0 182.0 183.0 181.0 183.0 187.0 175.0 170.0 174.0 182.0 0.0 190.0 171.0 185.0 184.0 171.0 179.0 192.0 181.0 170.0 155.0 0.0 188.0 193.0 155.0 199.0 168.0 172.0 177.0 166.0 174.0 186.0 0.0 161.0 173.0 183.0 194.0 182.0 191.0 173.0 194.0 162.0 165.0
