18
1 1 4 8 12 16 20 24 28 32 36 40 44 48 52 56 60 64
1 1 1 4 8 12 16 20 24 28 32 36 40 44 48 52 56 60
4 1 1 1 4 8 12 16 20 24 28 32 36 40 44 48 52 56
8 4 1 1 1 4 8 12 16 20 24 28 32 36 40 44 48 52
12 8 4 1 1 1 4 8 12 16 20 24 28 32 36 40 44 48
16 12 8 4 1 1 1 4 8 12 16 20 24 28 32 36 40 44
20 16 12 8 4 1 1 1 4 8 12 16 20 24 28 32 36 40
24 20 16 12 8 4 1 1 1 4 8 12 16 20 24 28 32 36
28 24 20 16 12 8 4 1 1 1 4 8 12 16 20 24 28 32
32 28 24 20 16 12 8 4 1 1 1 4 8 12 16 20 24 28
36 32 28 24 20 16 12 8 4 1 1 1 4 8 12 16 20 24
40 36 32 28 24 20 16 12 8 4 1 1 1 4 8 12 16 20
44 40 36 32 28 24 20 16 12 8 4 1 1 1 4 8 12 16
48 44 40 36 32 28 24 20 16 12 8 4 1 1 1 4 8 12
52 48 44 40 36 32 28 24 20 16 12 8 4 1 1 1 4 8
56 52 48 44 40 36 32 28 24 20 16 12 8 4 1 1 1 4
60 56 52 48 44 40 36 32 28 24 20 16 12 8 4 1 1 1
64 60 56 52 48 44 40 36 32 28 24 20 16 12 8 4 1 1
204.0 205.5 207.0 208.5 210.0 211.5 213.0 214.5 216.0 217.5 219.0 220.5 222.0 223.5 225.0 226.5 228.0 229.5
205.5 206.8235294117647 208.1470588235294 209.47058823529414 210.79411764705884 212.11764705882354 213.44117647058823 214.76470588235296 216.08823529411765 217.41176470588235 218.73529411764704 220.05882352941177 221.38235294117646 222.70588235294116 224.02941176470586 225.3529411764706 226.6764705882353 228.0
207.0 208.1470588235294 209.29411764705884 210.44117647058823 211.58823529411765 212.73529411764704 213.88235294117646 215.02941176470586 216.1764705882353 217.3235294117647 218.47058823529414 219.61764705882354 220.76470588235296 221.91176470588235 223.05882352941177 224.20588235294116 225.3529411764706 226.5
208.5 209.47058823529414 210.44117647058823 211.41176470588235 212.38235294117646 213.3529411764706 214.3235294117647 215.29411764705884 216.26470588235296 217.23529411764704 218.20588235294116 219.1764705882353 220.1470588235294 221.11764705882354 222.08823529411765 223.05882352941177 224.02941176470586 225.0
210.0 210.79411764705884 211.58823529411765 212.38235294117646 213.1764705882353 213.97058823529414 214.76470588235296 215.55882352941177 216.3529411764706 217.1470588235294 217.94117647058823 218.73529411764704 219.52941176470586 220.3235294117647 221.11764705882354 221.91176470588235 222.70588235294116 223.5
211.5 212.11764705882354 212.73529411764704 213.3529411764706 213.97058823529414 214.58823529411765 215.20588235294116 215.8235294117647 216.44117647058823 217.05882352941177 217.6764705882353 218.29411764705884 218.91176470588235 219.52941176470586 220.1470588235294 220.76470588235296 221.38235294117646 222.0
213.0 213.44117647058823 213.88235294117646 214.3235294117647 214.76470588235296 215.20588235294116 215.6470588235294 216.08823529411765 216.52941176470586 216.97058823529414 217.41176470588235 217.8529411764706 218.29411764705884 218.73529411764704 219.1764705882353 219.61764705882354 220.05882352941177 220.5
214.5 214.76470588235296 215.02941176470586 215.29411764705884 215.55882352941177 215.8235294117647 216.08823529411765 216.3529411764706 216.61764705882354 216.88235294117646 217.1470588235294 217.41176470588235 217.6764705882353 217.94117647058823 218.20588235294116 218.47058823529414 218.73529411764704 219.0
216.0 216.08823529411765 216.1764705882353 216.26470588235296 216.3529411764706 216.44117647058823 216.52941176470586 216.61764705882354 216.70588235294116 216.79411764705884 216.88235294117646 216.97058823529414 217.05882352941177 217.1470588235294 217.23529411764704 217.3235294117647 217.41176470588235 217.5
217.5 217.41176470588235 217.3235294117647 217.23529411764704 217.1470588235294 217.05882352941177 216.97058823529414 216.88235294117646 216.79411764705884 216.70588235294116 216.61764705882354 216.52941176470586 216.44117647058823 216.3529411764706 216.26470588235296 216.1764705882353 216.08823529411765 216.0
219.0 218.73529411764704 218.47058823529414 218.20588235294116 217.94117647058823 217.6764705882353 217.41176470588235 217.1470588235294 216.88235294117646 216.61764705882354 216.3529411764706 216.08823529411765 215.8235294117647 215.55882352941177 215.29411764705884 215.02941176470586 214.76470588235296 214.5
220.5 220.05882352941177 219.61764705882354 219.1764705882353 218.73529411764704 218.29411764705884 217.8529411764706 217.41176470588235 216.97058823529414 216.52941176470586 216.08823529411765 215.6470588235294 215.20588235294116 214.76470588235296 214.3235294117647 213.88235294117646 213.44117647058823 213.0
222.0 221.38235294117646 220.76470588235296 220.1470588235294 219.52941176470586 218.91176470588235 218.29411764705884 217.6764705882353 217.05882352941177 216.44117647058823 215.8235294117647 215.20588235294116 214.58823529411765 213.97058823529414 213.3529411764706 212.73529411764704 212.11764705882354 211.5
223.5 222.70588235294116 221.91176470588235 221.11764705882354 220.3235294117647 219.52941176470586 218.73529411764704 217.94117647058823 217.1470588235294 216.3529411764706 215.55882352941177 214.76470588235296 213.97058823529414 213.1764705882353 212.38235294117646 211.58823529411765 210.79411764705884 210.0
225.0 224.02941176470586 223.05882352941177 222.08823529411765 221.11764705882354 220.1470588235294 219.1764705882353 218.20588235294116 217.23529411764704 216.26470588235296 215.29411764705884 214.3235294117647 213.3529411764706 212.38235294117646 211.41176470588235 210.44117647058823 209.47058823529414 208.5
226.5 225.3529411764706 224.20588235294116 223.05882352941177 221.91176470588235 220.76470588235296 219.61764705882354 218.47058823529414 217.3235294117647 216.1764705882353 215.02941176470586 213.88235294117646 212.73529411764704 211.58823529411765 210.44117647058823 209.29411764705884 208.1470588235294 207.0
228.0 226.6764705882353 225.3529411764706 224.02941176470586 222.70588235294116 221.38235294117646 220.05882352941177 218.73529411764704 217.41176470588235 216.08823529411765 214.76470588235296 213.44117647058823 212.11764705882354 210.79411764705884 209.47058823529414 208.1470588235294 206.8235294117647 205.5
229.5 228.0 226.5 225.0 223.5 222.0 220.5 219.0 217.5 216.0 214.5 213.0 211.5 210.0 208.5 207.0 205.5 204.0
