6
1 1 4 8 12 16
1 1 1 4 8 12
4 1 1 1 4 8
8 4 1 1 1 4
12 8 4 1 1 1
16 12 8 4 1 1
15.0 16.5 18.0 19.5 21.0 22.5
16.5 17.4 18.299999999999997 19.200000000000003 20.1 21.0
18.0 18.299999999999997 18.6 18.9 19.200000000000003 19.5
19.5 19.200000000000003 18.9 18.6 18.299999999999997 18.0
21.0 20.1 19.200000000000003 18.299999999999997 17.4 16.5
22.5 21.0 19.5 18.0 16.5 15.0
