10
1 1 4 8 12 16 20 24 28 32
1 1 1 4 8 12 16 20 24 28
4 1 1 1 4 8 12 16 20 24
8 4 1 1 1 4 8 12 16 20
12 8 4 1 1 1 4 8 12 16
16 12 8 4 1 1 1 4 8 12
20 16 12 8 4 1 1 1 4 8
24 20 16 12 8 4 1 1 1 4
28 24 20 16 12 8 4 1 1 1
32 28 24 20 16 12 8 4 1 1
54.0 55.5 57.0 58.5 60.0 61.5 63.0 64.5 66.0 67.5
55.5 56.66666666666667 57.833333333333336 59.0 60.16666666666667 61.33333333333333 62.5 63.666666666666664 64.83333333333333 66.0
57.0 57.833333333333336 58.66666666666667 59.5 60.33333333333333 61.16666666666667 62.0 62.83333333333333 63.666666666666664 64.5
58.5 59.0 59.5 60.0 60.5 61.0 61.5 62.0 62.5 63.0
60.0 60.16666666666667 60.33333333333333 60.5 60.666666666666664 60.833333333333336 61.0 61.16666666666667 61.33333333333333 61.5
61.5 61.33333333333333 61.16666666666667 61.0 60.833333333333336 60.666666666666664 60.5 60.33333333333333 60.16666666666667 60.0
63.0 62.5 62.0 61.5 61.0 60.5 60.0 59.5 59.0 58.5
64.5 63.666666666666664 62.83333333333333 62.0 61.16666666666667 60.33333333333333 59.5 58.66666666666667 57.833333333333336 57.0
66.0 64.83333333333333 63.666666666666664 62.5 61.33333333333333 60.16666666666667 59.0 57.833333333333336 56.66666666666667 55.5
67.5 66.0 64.5 63.0 61.5 60.0 58.5 57.0 55.5 54.0
