8
1 1 4 8 12 16 20 24
1 1 1 4 8 12 16 20
4 1 1 1 4 8 12 16
8 4 1 1 1 4 8 12
12 8 4 1 1 1 4 8
16 12 8 4 1 1 1 4
20 16 12 8 4 1 1 1
24 20 16 12 8 4 1 1
31.5 33.0 34.5 36.0 37.5 39.0 40.5 42.0
33.0 34.07142857142857 35.142857142857146 36.214285714285715 37.285714285714285 38.357142857142854 39.42857142857143 40.5
34.5 35.142857142857146 35.785714285714285 36.42857142857143 37.07142857142857 37.714285714285715 38.357142857142854 39.0
36.0 36.214285714285715 36.42857142857143 36.64285714285714 36.85714285714286 37.07142857142857 37.285714285714285 37.5
37.5 37.285714285714285 37.07142857142857 36.85714285714286 36.642857142857146 36.42857142857143 36.214285714285715 36.0
39.0 38.357142857142854 37.714285714285715 37.07142857142857 36.42857142857143 35.785714285714285 35.142857142857146 34.5
40.5 39.42857142857143 38.357142857142854 37.285714285714285 36.214285714285715 35.142857142857146 34.07142857142857 33.0
42.0 40.5 39.0 37.5 36.0 34.5 33.0 31.5
