13
1 1 4 8 12 16 20 24 28 32 36 40 44
1 1 1 4 8 12 16 20 24 28 32 36 40
4 1 1 1 4 8 12 16 20 24 28 32 36
8 4 1 1 1 4 8 12 16 20 24 28 32
12 8 4 1 1 1 4 8 12 16 20 24 28
16 12 8 4 1 1 1 4 8 12 16 20 24
20 16 12 8 4 1 1 1 4 8 12 16 20
24 20 16 12 8 4 1 1 1 4 8 12 16
28 24 20 16 12 8 4 1 1 1 4 8 12
32 28 24 20 16 12 8 4 1 1 1 4 8
36 32 28 24 20 16 12 8 4 1 1 1 4
40 36 32 28 24 20 16 12 8 4 1 1 1
44 40 36 32 28 24 20 16 12 8 4 1 1
99.0 100.5 102.0 103.5 105.0 106.5 108.0 109.5 111.0 112.5 114.0 115.5 117.0
100.5 101.75 103.0 104.25 105.5 106.75 108.0 109.25 110.5 111.75 113.0 114.25 115.5
102.0 103.0 104.0 105.0 106.0 107.0 108.0 109.0 110.0 111.0 112.0 113.0 114.0
103.5 104.25 105.0 105.75 106.5 107.25 108.0 108.75 109.5 110.25 111.0 111.75 112.5
105.0 105.5 106.0 106.5 107.0 107.5 108.0 108.5 109.0 109.5 110.0 110.5 111.0
106.5 106.75 107.0 107.25 107.5 107.75 108.0 108.25 108.5 108.75 109.0 109.25 109.5
108.0 108.0 108.0 108.0 108.0 108.0 108.0 108.0 108.0 108.0 108.0 108.0 108.0
109.5 109.25 109.0 108.75 108.5 108.25 108.0 107.75 107.5 107.25 107.0 106.75 106.5
111.0 110.5 110.0 109.5 109.0 108.5 108.0 107.5 107.0 106.5 106.0 105.5 105.0
112.5 111.75 111.0 110.25 109.5 108.75 108.0 107.25 106.5 105.75 105.0 104.25 103.5
114.0 113.0 112.0 111.0 110.0 109.0 108.0 107.0 106.0 105.0 104.0 103.0 102.0
115.5 114.25 113.0 111.75 110.5 109.25 108.0 106.75 105.5 104.25 103.0 101.75 100.5
117.0 115.5 114.0 112.5 111.0 109.5 108.0 106.5 105.0 103.5 102.0 100.5 99.0
