16
1 1 4 8 12 16 20 24 28 32 36 40 44 48 52 56
1 1 1 4 8 12 16 20 24 28 32 36 40 44 48 52
4 1 1 1 4 8 12 16 20 24 28 32 36 40 44 48
8 4 1 1 1 4 8 12 16 20 24 28 32 36 40 44
12 8 4 1 1 1 4 8 12 16 20 24 28 32 36 40
16 12 8 4 1 1 1 4 8 12 16 20 24 28 32 36
20 16 12 8 4 1 1 1 4 8 12 16 20 24 28 32
24 20 16 12 8 4 1 1 1 4 8 12 16 20 24 28
28 24 20 16 12 8 4 1 1 1 4 8 12 16 20 24
32 28 24 20 16 12 8 4 1 1 1 4 8 12 16 20
36 32 28 24 20 16 12 8 4 1 1 1 4 8 12 16
40 36 32 28 24 20 16 12 8 4 1 1 1 4 8 12
44 40 36 32 28 24 20 16 12 8 4 1 1 1 4 8
48 44 40 36 32 28 24 20 16 12 8 4 1 1 1 4
52 48 44 40 36 32 28 24 20 16 12 8 4 1 1 1
56 52 48 44 40 36 32 28 24 20 16 12 8 4 1 1
157.5 159.0 160.5 162.0 163.5 165.0 166.5 168.0 169.5 171.0 172.5 174.0 175.5 177.0 178.5 180.0
159.0 160.29999999999998 161.6 162.89999999999998 164.2 165.5 166.8 168.1 169.4 170.7 172.0 173.3 174.60000000000002 175.9 177.2 178.5
160.5 161.6 162.7 163.8 164.9 166.0 167.10000000000002 168.2 169.3 170.39999999999998 171.5 172.6 173.7 174.8 175.9 177.0
162.0 162.89999999999998 163.8 164.7 165.60000000000002 166.5 167.39999999999998 168.3 169.2 170.10000000000002 171.0 171.89999999999998 172.8 173.7 174.60000000000002 175.5
163.5 164.2 164.9 165.60000000000002 166.3 167.0 167.7 168.4 169.1 169.8 170.5 171.2 171.89999999999998 172.6 173.3 174.0
165.0 165.5 166.0 166.5 167.0 167.5 168.0 168.5 169.0 169.5 170.0 170.5 171.0 171.5 172.0 172.5
166.5 166.8 167.10000000000002 167.39999999999998 167.7 168.0 168.3 168.60000000000002 168.89999999999998 169.2 169.5 169.8 170.10000000000002 170.39999999999998 170.7 171.0
168.0 168.1 168.2 168.3 168.4 168.5 168.60000000000002 168.7 168.8 168.89999999999998 169.0 169.1 169.2 169.3 169.4 169.5
169.5 169.4 169.3 169.2 169.1 169.0 168.89999999999998 168.8 168.7 168.60000000000002 168.5 168.4 168.3 168.2 168.1 168.0
171.0 170.7 170.39999999999998 170.10000000000002 169.8 169.5 169.2 168.89999999999998 168.60000000000002 168.3 168.0 167.7 167.39999999999998 167.10000000000002 166.8 166.5
172.5 172.0 171.5 171.0 170.5 170.0 169.5 169.0 168.5 168.0 167.5 167.0 166.5 166.0 165.5 165.0
174.0 173.3 172.6 171.89999999999998 171.2 170.5 169.8 169.1 168.4 167.7 167.0 166.3 165.60000000000002 164.9 164.2 163.5
175.5 174.60000000000002 173.7 172.8 171.89999999999998 171.0 170.10000000000002 169.2 168.3 167.39999999999998 166.5 165.60000000000002 164.7 163.8 162.89999999999998 162.0
177.0 175.9 174.8 173.7 172.6 171.5 170.39999999999998 169.3 168.2 167.10000000000002 166.0 164.9 163.8 162.7 161.6 160.5
178.5 177.2 175.9 174.60000000000002 173.3 172.0 170.7 169.4 168.1 166.8 165.5 164.2 162.89999999999998 161.6 160.3 159.0
180.0 178.5 177.0 175.5 174.0 172.5 171.0 169.5 168.0 166.5 165.0 163.5 162.0 160.5 159.0 157.5
