11
1 1 4 8 12 16 20 24 28 32 36
1 1 1 4 8 12 16 20 24 28 32
4 1 1 1 4 8 12 16 20 24 28
8 4 1 1 1 4 8 12 16 20 24
12 8 4 1 1 1 4 8 12 16 20
16 12 8 4 1 1 1 4 8 12 16
20 16 12 8 4 1 1 1 4 8 12
24 20 16 12 8 4 1 1 1 4 8
28 24 20 16 12 8 4 1 1 1 4
32 28 24 20 16 12 8 4 1 1 1
36 32 28 24 20 16 12 8 4 1 1
67.5 69.0 70.5 72.0 73.5 75.0 76.5 78.0 79.5 81.0 82.5
69.0 70.19999999999999 71.4 72.6 73.80000000000001 75.0 76.19999999999999 77.4 78.6 79.80000000000001 81.0
70.5 71.4 72.30000000000001 73.19999999999999 74.1 75.0 75.9 76.80000000000001 77.69999999999999 78.6 79.5
72.0 72.6 73.19999999999999 73.80000000000001 74.4 75.0 75.6 76.19999999999999 76.80000000000001 77.4 78.0
73.5 73.80000000000001 74.1 74.4 74.69999999999999 75.0 75.30000000000001 75.6 75.9 76.19999999999999 76.5
75.0 75.0 75.0 75.0 75.0 75.0 75.0 75.0 75.0 75.0 75.0
76.5 76.19999999999999 75.9 75.6 75.30000000000001 75.0 74.69999999999999 74.4 74.1 73.80000000000001 73.5
78.0 77.4 76.80000000000001 76.19999999999999 75.6 75.0 74.4 73.80000000000001 73.19999999999999 72.6 72.0
79.5 78.6 77.69999999999999 76.80000000000001 75.9 75.0 74.1 73.19999999999999 72.30000000000001 71.4 70.5
81.0 79.80000000000001 78.6 77.4 76.19999999999999 75.0 73.80000000000001 72.6 71.4 70.19999999999999 69.0
82.5 81.0 79.5 78.0 76.5 75.0 73.5 72.0 70.5 69.0 67.5
