81 20000
56994.0 62589.0 63957.0 66378.0 72735.0 72771.0 78921.0 77325.0 79716.0 62589.0 60414.0 67200.0 63621.0 74808.0 69669.0 76713.0 75726.0 80646.0 63957.0 67200.0 65790.0 70425.0 69654.0 73242.0 74316.0 72990.0 73812.0 66378.0 63621.0 70425.0 67044.0 68922.0 70089.0 76755.0 71499.0 76653.0 72735.0 74808.0 69654.0 68922.0 69414.0 71808.0 67218.0 70737.0 66090.0 72771.0 69669.0 73242.0 70089.0 71808.0 66282.0 69402.0 64629.0 73494.0 78921.0 76713.0 74316.0 76755.0 67218.0 69402.0 61848.0 68199.0 58014.0 77325.0 75726.0 72990.0 71499.0 70737.0 64629.0 68199.0 61884.0 68397.0 79716.0 80646.0 73812.0 76653.0 66090.0 73494.0 58014.0 68397.0 54564.0
2160.0 0.0 0.0 0.0 0.0 0.0 0.0 0.0 0.0 0.0 304.0 246.0 251.0 271.0 306.0 265.0 242.0 275.0 0.0 246.0 262.0 306.0 261.0 280.0 260.0 280.0 265.0 0.0 251.0 306.0 294.0 258.0 247.0 267.0 249.0 288.0 0.0 271.0 261.0 258.0 290.0 276.0 270.0 271.0 263.0 0.0 306.0 280.0 247.0 276.0 276.0 270.0 232.0 273.0 0.0 265.0 260.0 267.0 270.0 270.0 270.0 287.0 271.0 0.0 242.0 280.0 249.0 271.0 232.0 287.0 336.0 263.0 0.0 275.0 265.0 288.0 263.0 273.0 271.0 263.0 262.0
0.0 2197.0 0.0 0.0 0.0 0.0 0.0 0.0 0.0 292.0 0.0 253.0 270.0 296.0 286.0 266.0 280.0 254.0 259.0 0.0 263.0 291.0 281.0 274.0 284.0 266.0 279.0 262.0 0.0 283.0 260.0 263.0 288.0 317.0 258.0 266.0 259.0 0.0 279.0 264.0 276.0 296.0 261.0 278.0 284.0 270.0 0.0 272.0 263.0 301.0 244.0 271.0 295.0 281.0 273.0 0.0 294.0 310.0 241.0 272.0 259.0 275.0 273.0 289.0 0.0 277.0 283.0 244.0 274.0 276.0 268.0 286.0 293.0 0.0 276.0 256.0 295.0 263.0 263.0 277.0 274.0
0.0 0.0 2197.0 0.0 0.0 0.0 0.0 0.0 0.0 259.0 274.0 0.0 297.0 279.0 286.0 272.0 260.0 270.0 302.0 285.0 0.0 282.0 254.0 257.0 293.0 255.0 269.0 274.0 262.0 0.0 266.0 283.0 272.0 277.0 277.0 286.0 294.0 277.0 0.0 267.0 254.0 281.0 266.0 291.0 267.0 301.0 274.0 0.0 257.0 302.0 286.0 244.0 249.0 284.0 269.0 280.0 0.0 281.0 294.0 278.0 257.0 280.0 258.0 262.0 277.0 0.0 260.0 253.0 248.0 323.0 282.0 292.0 236.0 268.0 0.0 287.0 278.0 289.0 265.0 303.0 271.0
0.0 0.0 0.0 2149.0 0.0 0.0 0.0 0.0 0.0 262.0 256.0 271.0 0.0 268.0 287.0 248.0 285.0 272.0 274.0 264.0 259.0 0.0 280.0 270.0 270.0 273.0 259.0 268.0 270.0 253.0 0.0 260.0 277.0 274.0 277.0 270.0 277.0 265.0 253.0 0.0 275.0 260.0 293.0 261.0 265.0 265.0 271.0 285.0 0.0 268.0 258.0 272.0 245.0 285.0 265.0 272.0 270.0 0.0 265.0 280.0 269.0 286.0 242.0 275.0 277.0 263.0 0.0 283.0 279.0 262.0 238.0 272.0 263.0 274.0 295.0 0.0 250.0 238.0 261.0 284.0 284.0
0.0 0.0 0.0 0.0 2303.0 0.0 0.0 0.0 0.0 259.0 304.0 291.0 306.0 0.0 267.0 283.0 291.0 302.0 294.0 276.0 277.0 280.0 0.0 278.0 296.0 298.0 304.0 277.0 310.0 295.0 270.0 0.0 315.0 278.0 292.0 266.0 328.0 299.0 276.0 273.0 0.0 277.0 305.0 270.0 275.0 290.0 253.0 291.0 289.0 0.0 288.0 307.0 301.0 284.0 313.0 293.0 289.0 292.0 0.0 292.0 258.0 277.0 289.0 274.0 283.0 282.0 288.0 0.0 287.0 294.0 287.0 308.0 268.0 285.0 302.0 305.0 0.0 299.0 282.0 287.0 275.0
0.0 0.0 0.0 0.0 0.0 2209.0 0.0 0.0 0.0 270.0 281.0 245.0 275.0 298.0 0.0 286.0 272.0 282.0 301.0 272.0 279.0 267.0 280.0 0.0 257.0 265.0 288.0 265.0 283.0 285.0 273.0 264.0 0.0 297.0 271.0 271.0 290.0 287.0 289.0 261.0 272.0 0.0 267.0 280.0 263.0 252.0 271.0 292.0 288.0 270.0 0.0 282.0 268.0 286.0 269.0 270.0 294.0 266.0 267.0 0.0 268.0 302.0 273.0 277.0 265.0 254.0 294.0 280.0 0.0 292.0 264.0 283.0 285.0 280.0 271.0 285.0 278.0 0.0 260.0 287.0 263.0
0.0 0.0 0.0 0.0 0.0 0.0 2333.0 0.0 0.0 273.0 322.0 289.0 304.0 288.0 264.0 0.0 291.0 302.0 269.0 277.0 291.0 290.0 292.0 321.0 0.0 292.0 301.0 265.0 274.0 287.0 293.0 299.0 307.0 0.0 311.0 297.0 313.0 273.0 299.0 296.0 287.0 305.0 0.0 267.0 293.0 269.0 320.0 287.0 320.0 286.0 283.0 0.0 282.0 286.0 320.0 278.0 308.0 277.0 297.0 273.0 0.0 311.0 269.0 306.0 297.0 297.0 276.0 307.0 286.0 0.0 291.0 273.0 318.0 292.0 275.0 277.0 277.0 294.0 0.0 288.0 312.0
0.0 0.0 0.0 0.0 0.0 0.0 0.0 2215.0 0.0 289.0 271.0 306.0 258.0 289.0 258.0 289.0 0.0 255.0 262.0 278.0 277.0 247.0 281.0 297.0 295.0 0.0 278.0 275.0 276.0 259.0 303.0 260.0 273.0 281.0 0.0 288.0 274.0 313.0 261.0 261.0 286.0 285.0 252.0 0.0 283.0 277.0 242.0 272.0 298.0 276.0 284.0 286.0 0.0 280.0 306.0 259.0 282.0 315.0 288.0 256.0 251.0 0.0 258.0 262.0 288.0 276.0 281.0 266.0 267.0 283.0 0.0 292.0 270.0 288.0 282.0 252.0 269.0 295.0 278.0 0.0 281.0
0.0 0.0 0.0 0.0 0.0 0.0 0.0 0.0 2237.0 293.0 294.0 273.0 245.0 288.0 267.0 289.0 288.0 0.0 236.0 276.0 268.0 302.0 281.0 280.0 330.0 264.0 0.0 263.0 280.0 297.0 289.0 252.0 276.0 303.0 277.0 0.0 268.0 292.0 292.0 259.0 274.0 298.0 265.0 289.0 0.0 285.0 284.0 278.0 293.0 299.0 255.0 267.0 276.0 0.0 318.0 281.0 288.0 286.0 257.0 278.0 252.0 277.0 0.0 270.0 280.0 264.0 281.0 303.0 275.0 278.0 286.0 0.0 304.0 250.0 277.0 282.0 283.0 308.0 253.0 280.0 0.0
0.0 292.0 259.0 262.0 259.0 270.0 273.0 289.0 293.0 2197.0 0.0 0.0 0.0 0.0 0.0 0.0 0.0 0.0 0.0 253.0 263.0 283.0 279.0 272.0 294.0 277.0 276.0 0.0 270.0 291.0 260.0 264.0 263.0 310.0 283.0 256.0 0.0 296.0 281.0 263.0 276.0 301.0 241.0 244.0 295.0 0.0 286.0 274.0 288.0 296.0 244.0 272.0 274.0 263.0 0.0 266.0 284.0 317.0 261.0 271.0 259.0 276.0 263.0 0.0 280.0 266.0 258.0 278.0 295.0 275.0 268.0 277.0 0.0 254.0 279.0 266.0 284.0 281.0 273.0 286.0 274.0
304.0 0.0 274.0 256.0 304.0 281.0 322.0 271.0 294.0 0.0 2306.0 0.0 0.0 0.0 0.0 0.0 0.0 0.0 274.0 0.0 296.0 277.0 297.0 286.0 292.0 289.0 295.0 256.0 0.0 277.0 336.0 263.0 309.0 299.0 268.0 298.0 304.0 0.0 297.0 263.0 238.0 306.0 295.0 309.0 294.0 281.0 0.0 286.0 309.0 306.0 300.0 268.0 276.0 280.0 322.0 0.0 292.0 299.0 295.0 268.0 218.0 309.0 303.0 271.0 0.0 289.0 268.0 309.0 276.0 309.0 300.0 284.0 294.0 0.0 295.0 298.0 294.0 280.0 303.0 284.0 258.0
246.0 253.0 0.0 271.0 291.0 245.0 289.0 306.0 273.0 0.0 0.0 2174.0 0.0 0.0 0.0 0.0 0.0 0.0 285.0 250.0 0.0 273.0 278.0 272.0 251.0 286.0 279.0 264.0 295.0 0.0 262.0 259.0 273.0 280.0 261.0 280.0 276.0 267.0 0.0 282.0 287.0 277.0 261.0 263.0 261.0 272.0 281.0 0.0 286.0 273.0 239.0 289.0 265.0 269.0 277.0 250.0 0.0 257.0 283.0 286.0 282.0 291.0 248.0 278.0 279.0 0.0 280.0 242.0 284.0 268.0 267.0 276.0 276.0 299.0 0.0 263.0 261.0 298.0 254.0 235.0 288.0
251.0 270.0 297.0 0.0 306.0 275.0 304.0 258.0 245.0 0.0 0.0 0.0 2206.0 0.0 0.0 0.0 0.0 0.0 262.0 295.0 274.0 0.0 245.0 282.0 296.0 283.0 269.0 270.0 292.0 307.0 0.0 262.0 280.0 239.0 299.0 257.0 310.0 266.0 241.0 0.0 295.0 292.0 260.0 257.0 285.0 283.0 259.0 275.0 0.0 290.0 276.0 279.0 250.0 294.0 274.0 304.0 271.0 0.0 274.0 284.0 275.0 261.0 263.0 276.0 250.0 283.0 0.0 263.0 269.0 287.0 287.0 291.0 280.0 270.0 258.0 0.0 271.0 248.0 266.0 311.0 302.0
271.0 296.0 279.0 268.0 0.0 298.0 288.0 289.0 288.0 0.0 0.0 0.0 0.0 2277.0 0.0 0.0 0.0 0.0 277.0 267.0 290.0 315.0 0.0 304.0 293.0 248.0 283.0 265.0 266.0 294.0 287.0 0.0 282.0 304.0 294.0 285.0 299.0 332.0 276.0 267.0 0.0 291.0 287.0 267.0 258.0 287.0 307.0 275.0 289.0 0.0 283.0 277.0 275.0 284.0 273.0 248.0 310.0 293.0 0.0 275.0 287.0 292.0 299.0 313.0 279.0 253.0 270.0 0.0 241.0 277.0 324.0 320.0 292.0 282.0 300.0 288.0 0.0 303.0 264.0 288.0 260.0
306.0 286.0 286.0 287.0 267.0 0.0 264.0 258.0 267.0 0.0 0.0 0.0 0.0 0.0 2221.0 0.0 0.0 0.0 274.0 281.0 262.0 266.0 291.0 0.0 277.0 288.0 282.0 271.0 259.0 265.0 272.0 288.0 0.0 268.0 283.0 315.0 253.0 307.0 265.0 281.0 299.0 0.0 280.0 279.0 257.0 271.0 266.0 296.0 281.0 284.0 0.0 286.0 281.0 256.0 320.0 276.0 264.0 280.0 283.0 0.0 256.0 274.0 268.0 242.0 276.0 292.0 280.0 259.0 0.0 314.0 275.0 283.0 284.0 270.0 291.0 274.0 250.0 0.0 276.0 283.0 293.0
265.0 266.0 272.0 248.0 283.0 286.0 0.0 289.0 289.0 0.0 0.0 0.0 0.0 0.0 0.0 2198.0 0.0 0.0 280.0 250.0 272.0 283.0 272.0 280.0 0.0 264.0 297.0 272.0 304.0 287.0 280.0 248.0 282.0 0.0 265.0 260.0 293.0 248.0 261.0 282.0 282.0 278.0 0.0 293.0 261.0 270.0 276.0 275.0 280.0 261.0 262.0 0.0 258.0 316.0 278.0 308.0 281.0 274.0 265.0 263.0 0.0 282.0 247.0 259.0 261.0 293.0 282.0 306.0 267.0 0.0 262.0 268.0 281.0 285.0 257.0 269.0 281.0 280.0 0.0 285.0 260.0
242.0 280.0 260.0 285.0 291.0 272.0 291.0 0.0 288.0 0.0 0.0 0.0 0.0 0.0 0.0 0.0 2209.0 0.0 277.0 279.0 250.0 296.0 278.0 290.0 277.0 0.0 262.0 277.0 250.0 276.0 258.0 286.0 272.0 309.0 0.0 281.0 283.0 279.0 283.0 258.0 265.0 265.0 294.0 0.0 282.0 265.0 276.0 277.0 267.0 290.0 283.0 254.0 0.0 297.0 297.0 261.0 322.0 284.0 257.0 282.0 264.0 0.0 242.0 288.0 294.0 256.0 281.0 279.0 264.0 277.0 0.0 270.0 280.0 290.0 285.0 280.0 263.0 281.0 243.0 0.0 287.0
275.0 254.0 270.0 272.0 302.0 282.0 302.0 255.0 0.0 0.0 0.0 0.0 0.0 0.0 0.0 0.0 0.0 2212.0 268.0 299.0 269.0 272.0 270.0 271.0 305.0 258.0 0.0 274.0 270.0 268.0 293.0 269.0 294.0 285.0 259.0 0.0 285.0 282.0 306.0 243.0 272.0 268.0 261.0 295.0 0.0 280.0 270.0 299.0 255.0 278.0 287.0 274.0 269.0 0.0 292.0 285.0 261.0 290.0 261.0 270.0 243.0 310.0 0.0 288.0 290.0 261.0 293.0 271.0 252.0 288.0 269.0 0.0 250.0 262.0 278.0 294.0 289.0 288.0 254.0 297.0 0.0
0.0 259.0 302.0 274.0 294.0 301.0 269.0 262.0 236.0 0.0 274.0 285.0 262.0 277.0 274.0 280.0 277.0 268.0 2197.0 0.0 0.0 0.0 0.0 0.0 0.0 0.0 0.0 0.0 297.0 282.0 266.0 267.0 257.0 281.0 260.0 287.0 0.0 279.0 254.0 283.0 254.0 302.0 294.0 253.0 278.0 0.0 286.0 257.0 272.0 281.0 286.0 278.0 248.0 289.0 0.0 272.0 293.0 277.0 266.0 244.0 257.0 323.0 265.0 0.0 260.0 255.0 277.0 291.0 249.0 280.0 282.0 303.0 0.0 270.0 269.0 286.0 267.0 284.0 258.0 292.0 271.0
246.0 0.0 285.0 264.0 276.0 272.0 277.0 278.0 276.0 253.0 0.0 250.0 295.0 267.0 281.0 250.0 279.0 299.0 0.0 2174.0 0.0 0.0 0.0 0.0 0.0 0.0 0.0 271.0 0.0 273.0 262.0 282.0 286.0 257.0 280.0 263.0 291.0 0.0 278.0 259.0 287.0 273.0 283.0 242.0 261.0 245.0 0.0 272.0 273.0 277.0 239.0 286.0 284.0 298.0 289.0 0.0 251.0 280.0 261.0 289.0 282.0 268.0 254.0 306.0 0.0 286.0 261.0 263.0 265.0 291.0 267.0 235.0 273.0 0.0 279.0 280.0 261.0 269.0 248.0 276.0 288.0
262.0 263.0 0.0 259.0 277.0 279.0 291.0 277.0 268.0 263.0 296.0 0.0 274.0 290.0 262.0 272.0 250.0 269.0 0.0 0.0 2176.0 0.0 0.0 0.0 0.0 0.0 0.0 259.0 274.0 0.0 292.0 262.0 274.0 278.0 265.0 272.0 277.0 290.0 0.0 262.0 266.0 290.0 235.0 281.0 275.0 279.0 262.0 0.0 274.0 290.0 276.0 267.0 248.0 280.0 291.0 272.0 0.0 278.0 235.0 267.0 260.0 295.0 278.0 277.0 250.0 0.0 265.0 281.0 248.0 295.0 292.0 268.0 268.0 269.0 0.0 272.0 275.0 280.0 278.0 268.0 266.0
306.0 291.0 282.0 0.0 280.0 267.0 290.0 247.0 302.0 283.0 277.0 273.0 0.0 315.0 266.0 283.0 296.0 272.0 0.0 0.0 0.0 2265.0 0.0 0.0 0.0 0.0 0.0 253.0 307.0 280.0 0.0 294.0 283.0 294.0 251.0 303.0 295.0 294.0 280.0 0.0 262.0 294.0 284.0 278.0 278.0 285.0 265.0 283.0 0.0 288.0 280.0 301.0 282.0 281.0 287.0 287.0 293.0 0.0 269.0 281.0 261.0 305.0 282.0 259.0 276.0 269.0 0.0 277.0 287.0 294.0 315.0 288.0 297.0 268.0 305.0 0.0 280.0 307.0 258.0 291.0 259.0
261.0 281.0 254.0 280.0 0.0 280.0 292.0 281.0 281.0 279.0 297.0 278.0 245.0 0.0 291.0 272.0 278.0 270.0 0.0 0.0 0.0 0.0 2210.0 0.0 0.0 0.0 0.0 253.0 241.0 280.0 302.0 0.0 284.0 313.0 283.0 254.0 276.0 276.0 274.0 249.0 0.0 279.0 263.0 304.0 289.0 289.0 265.0 283.0 289.0 0.0 277.0 255.0 254.0 298.0 299.0 261.0 290.0 286.0 0.0 271.0 244.0 292.0 267.0 261.0 283.0 296.0 284.0 0.0 277.0 280.0 254.0 275.0 292.0 306.0 255.0 275.0 0.0 251.0 291.0 264.0 276.0
280.0 274.0 257.0 270.0 278.0 0.0 321.0 297.0 280.0 272.0 286.0 272.0 282.0 304.0 0.0 280.0 290.0 271.0 0.0 0.0 0.0 0.0 0.0 2257.0 0.0 0.0 0.0 285.0 275.0 283.0 295.0 271.0 0.0 293.0 268.0 287.0 291.0 275.0 283.0 266.0 296.0 0.0 283.0 284.0 279.0 292.0 296.0 292.0 283.0 269.0 0.0 262.0 279.0 284.0 287.0 275.0 297.0 295.0 293.0 0.0 275.0 290.0 245.0 272.0 277.0 294.0 297.0 258.0 0.0 279.0 272.0 308.0 278.0 299.0 279.0 269.0 288.0 0.0 264.0 277.0 303.0
260.0 284.0 293.0 270.0 296.0 257.0 0.0 295.0 330.0 294.0 292.0 251.0 296.0 293.0 277.0 0.0 277.0 305.0 0.0 0.0 0.0 0.0 0.0 0.0 2285.0 0.0 0.0 270.0 271.0 293.0 292.0 259.0 304.0 0.0 308.0 288.0 289.0 310.0 290.0 285.0 283.0 276.0 0.0 291.0 261.0 294.0 264.0 297.0 284.0 308.0 287.0 0.0 289.0 262.0 308.0 281.0 286.0 295.0 292.0 305.0 0.0 248.0 270.0 282.0 322.0 274.0 278.0 267.0 290.0 0.0 271.0 301.0 288.0 261.0 301.0 285.0 287.0 289.0 0.0 306.0 268.0
280.0 266.0 255.0 273.0 298.0 265.0 292.0 0.0 264.0 277.0 289.0 286.0 283.0 248.0 288.0 264.0 0.0 258.0 0.0 0.0 0.0 0.0 0.0 0.0 0.0 2193.0 0.0 263.0 283.0 269.0 252.0 253.0 290.0 305.0 0.0 278.0 282.0 253.0 296.0 253.0 279.0 289.0 269.0 0.0 272.0 254.0 292.0 294.0 285.0 291.0 245.0 265.0 0.0 267.0 297.0 293.0 274.0 282.0 276.0 259.0 240.0 0.0 272.0 276.0 256.0 254.0 283.0 278.0 267.0 288.0 0.0 291.0 264.0 261.0 265.0 282.0 270.0 290.0 270.0 0.0 291.0
265.0 279.0 269.0 259.0 304.0 288.0 301.0 278.0 0.0 276.0 295.0 279.0 269.0 283.0 282.0 297.0 262.0 0.0 0.0 0.0 0.0 0.0 0.0 0.0 0.0 0.0 2243.0 295.0 258.0 305.0 287.0 251.0 277.0 273.0 297.0 0.0 302.0 300.0 255.0 282.0 287.0 275.0 268.0 274.0 0.0 271.0 291.0 279.0 295.0 274.0 284.0 285.0 264.0 0.0 275.0 257.0 301.0 301.0 287.0 283.0 265.0 274.0 0.0 282.0 285.0 265.0 267.0 292.0 265.0 288.0 299.0 0.0 277.0 278.0 290.0 283.0 265.0 289.0 266.0 295.0 0.0
0.0 262.0 274.0 268.0 277.0 265.0 265.0 275.0 263.0 0.0 256.0 264.0 270.0 265.0 271.0 272.0 277.0 274.0 0.0 271.0 259.0 253.0 253.0 285.0 270.0 263.0 295.0 2149.0 0.0 0.0 0.0 0.0 0.0 0.0 0.0 0.0 0.0 268.0 280.0 260.0 275.0 268.0 265.0 283.0 250.0 0.0 287.0 270.0 277.0 260.0 258.0 280.0 279.0 238.0 0.0 248.0 270.0 274.0 293.0 272.0 269.0 262.0 261.0 0.0 285.0 273.0 277.0 261.0 245.0 286.0 238.0 284.0 0.0 272.0 259.0 270.0 265.0 285.0 242.0 272.0 284.0
251.0 0.0 262.0 270.0 310.0 283.0 274.0 276.0 280.0 270.0 0.0 295.0 292.0 266.0 259.0 304.0 250.0 270.0 297.0 0.0 274.0 307.0 241.0 275.0 271.0 283.0 258.0 0.0 2206.0 0.0 0.0 0.0 0.0 0.0 0.0 0.0 306.0 0.0 245.0 262.0 295.0 290.0 274.0 263.0 271.0 275.0 0.0 282.0 280.0 292.0 276.0 284.0 269.0 248.0 304.0 0.0 296.0 239.0 260.0 279.0 275.0 287.0 266.0 258.0 0.0 283.0 299.0 257.0 250.0 261.0 287.0 311.0 245.0 0.0 269.0 257.0 285.0 294.0 263.0 291.0 302.0
306.0 283.0 0.0 253.0 295.0 285.0 287.0 259.0 297.0 291.0 277.0 0.0 307.0 294.0 265.0 287.0 276.0 268.0 282.0 273.0 0.0 280.0 280.0 283.0 293.0 269.0 305.0 0.0 0.0 2265.0 0.0 0.0 0.0 0.0 0.0 0.0 280.0 315.0 0.0 294.0 262.0 288.0 269.0 277.0 280.0 267.0 266.0 0.0 283.0 294.0 280.0 281.0 287.0 307.0 290.0 283.0 0.0 294.0 284.0 301.0 261.0 294.0 258.0 247.0 296.0 0.0 251.0 278.0 282.0 305.0 315.0 291.0 302.0 272.0 0.0 303.0 278.0 281.0 282.0 288.0 259.0
294.0 260.0 266.0 0.0 270.0 273.0 293.0 303.0 289.0 260.0 336.0 262.0 0.0 287.0 272.0 280.0 258.0 293.0 266.0 262.0 292.0 0.0 302.0 295.0 292.0 252.0 287.0 0.0 0.0 0.0 2248.0 0.0 0.0 0.0 0.0 0.0 270.0 287.0 302.0 0.0 254.0 292.0 262.0 294.0 287.0 273.0 272.0 295.0 0.0 292.0 272.0 292.0 278.0 274.0 293.0 280.0 292.0 0.0 262.0 292.0 254.0 304.0 271.0 303.0 258.0 252.0 0.0 294.0 278.0 304.0 258.0 301.0 289.0 293.0 287.0 0.0 287.0 274.0 271.0 301.0 246.0
258.0 263.0 283.0 260.0 0.0 264.0 299.0 260.0 252.0 264.0 263.0 259.0 262.0 0.0 288.0 248.0 286.0 269.0 267.0 282.0 262.0 294.0 0.0 271.0 259.0 253.0 251.0 0.0 0.0 0.0 0.0 2139.0 0.0 0.0 0.0 0.0 273.0 267.0 249.0 248.0 0.0 270.0 270.0 263.0 299.0 261.0 281.0 266.0 273.0 0.0 258.0 260.0 257.0 283.0 296.0 282.0 285.0 284.0 0.0 253.0 234.0 271.0 234.0 261.0 258.0 253.0 253.0 0.0 267.0 318.0 265.0 264.0 259.0 243.0 282.0 265.0 0.0 268.0 251.0 284.0 287.0
247.0 288.0 272.0 277.0 315.0 0.0 307.0 273.0 276.0 263.0 309.0 273.0 280.0 282.0 0.0 282.0 272.0 294.0 257.0 286.0 274.0 283.0 284.0 0.0 304.0 290.0 277.0 0.0 0.0 0.0 0.0 0.0 2255.0 0.0 0.0 0.0 289.0 289.0 289.0 273.0 278.0 0.0 298.0 257.0 282.0 288.0 281.0 283.0 264.0 305.0 0.0 263.0 270.0 301.0 320.0 280.0 284.0 307.0 249.0 0.0 257.0 274.0 284.0 298.0 267.0 285.0 284.0 282.0 0.0 256.0 320.0 263.0 293.0 255.0 295.0 287.0 260.0 0.0 288.0 299.0 278.0
267.0 317.0 277.0 274.0 278.0 297.0 0.0 281.0 303.0 310.0 299.0 280.0 239.0 304.0 268.0 0.0 309.0 285.0 281.0 257.0 278.0 294.0 313.0 293.0 0.0 305.0 273.0 0.0 0.0 0.0 0.0 0.0 0.0 2294.0 0.0 0.0 292.0 293.0 286.0 284.0 281.0 317.0 0.0 282.0 259.0 266.0 280.0 295.0 307.0 298.0 276.0 0.0 258.0 314.0 277.0 274.0 295.0 298.0 278.0 287.0 0.0 306.0 279.0 315.0 284.0 282.0 304.0 264.0 264.0 0.0 290.0 291.0 286.0 290.0 301.0 294.0 278.0 292.0 0.0 263.0 290.0
249.0 258.0 277.0 277.0 292.0 271.0 311.0 0.0 277.0 283.0 268.0 261.0 299.0 294.0 283.0 265.0 0.0 259.0 260.0 280.0 265.0 251.0 283.0 268.0 308.0 0.0 297.0 0.0 0.0 0.0 0.0 0.0 0.0 0.0 2212.0 0.0 288.0 270.0 284.0 253.0 284.0 291.0 277.0 0.0 265.0 294.0 280.0 297.0 284.0 243.0 264.0 256.0 0.0 294.0 276.0 282.0 278.0 304.0 267.0 265.0 260.0 0.0 280.0 281.0 281.0 283.0 274.0 273.0 283.0 273.0 0.0 264.0 281.0 293.0 267.0 270.0 276.0 287.0 262.0 0.0 276.0
288.0 266.0 286.0 270.0 266.0 271.0 297.0 288.0 0.0 256.0 298.0 280.0 257.0 285.0 315.0 260.0 281.0 0.0 287.0 263.0 272.0 303.0 254.0 287.0 288.0 278.0 0.0 0.0 0.0 0.0 0.0 0.0 0.0 0.0 0.0 2232.0 305.0 288.0 275.0 265.0 285.0 262.0 264.0 288.0 0.0 285.0 274.0 269.0 287.0 294.0 290.0 283.0 250.0 0.0 277.0 269.0 285.0 294.0 286.0 250.0 274.0 297.0 0.0 252.0 280.0 282.0 270.0 298.0 279.0 292.0 279.0 0.0 282.0 294.0 283.0 286.0 264.0 278.0 274.0 271.0 0.0
0.0 259.0 294.0 277.0 328.0 290.0 313.0 274.0 268.0 0.0 304.0 276.0 310.0 299.0 253.0 293.0 283.0 285.0 0.0 291.0 277.0 295.0 276.0 291.0 289.0 282.0 302.0 0.0 306.0 280.0 270.0 273.0 289.0 292.0 288.0 305.0 2303.0 0.0 0.0 0.0 0.0 0.0 0.0 0.0 0.0 0.0 267.0 278.0 315.0 277.0 288.0 292.0 287.0 299.0 0.0 283.0 296.0 278.0 305.0 307.0 258.0 294.0 282.0 0.0 291.0 298.0 292.0 270.0 301.0 277.0 287.0 287.0 0.0 302.0 304.0 266.0 275.0 284.0 289.0 308.0 275.0
271.0 0.0 277.0 265.0 299.0 287.0 273.0 313.0 292.0 296.0 0.0 267.0 266.0 332.0 307.0 248.0 279.0 282.0 279.0 0.0 290.0 294.0 276.0 275.0 310.0 253.0 300.0 268.0 0.0 315.0 287.0 267.0 289.0 293.0 270.0 288.0 0.0 2277.0 0.0 0.0 0.0 0.0 0.0 0.0 0.0 298.0 0.0 304.0 282.0 291.0 283.0 275.0 241.0 303.0 288.0 0.0 293.0 304.0 287.0 277.0 287.0 277.0 264.0 289.0 0.0 248.0 294.0 267.0 275.0 292.0 324.0 288.0 288.0 0.0 283.0 285.0 258.0 284.0 299.0 320.0 260.0
261.0 279.0 0.0 253.0 276.0 289.0 299.0 261.0 292.0 281.0 297.0 0.0 241.0 276.0 265.0 261.0 283.0 306.0 254.0 278.0 0.0 280.0 274.0 283.0 290.0 296.0 255.0 280.0 245.0 0.0 302.0 249.0 289.0 286.0 284.0 275.0 0.0 0.0 2210.0 0.0 0.0 0.0 0.0 0.0 0.0 280.0 291.0 0.0 284.0 279.0 277.0 271.0 277.0 251.0 292.0 272.0 0.0 313.0 263.0 255.0 244.0 280.0 291.0 281.0 278.0 0.0 283.0 304.0 254.0 292.0 254.0 264.0 281.0 270.0 0.0 254.0 289.0 298.0 267.0 275.0 276.0
258.0 264.0 267.0 0.0 273.0 261.0 296.0 261.0 259.0 263.0 263.0 282.0 0.0 267.0 281.0 282.0 258.0 243.0 283.0 259.0 262.0 0.0 249.0 266.0 285.0 253.0 282.0 260.0 262.0 294.0 0.0 248.0 273.0 284.0 253.0 265.0 0.0 0.0 0.0 2139.0 0.0 0.0 0.0 0.0 0.0 264.0 288.0 271.0 0.0 270.0 258.0 253.0 267.0 268.0 299.0 248.0 259.0 0.0 270.0 260.0 234.0 318.0 251.0 260.0 286.0 253.0 0.0 263.0 257.0 271.0 265.0 284.0 252.0 269.0 251.0 0.0 299.0 283.0 234.0 264.0 287.0
290.0 276.0 254.0 275.0 0.0 272.0 287.0 286.0 274.0 276.0 238.0 287.0 295.0 0.0 299.0 282.0 265.0 272.0 254.0 287.0 266.0 262.0 0.0 296.0 283.0 279.0 287.0 275.0 295.0 262.0 254.0 0.0 278.0 281.0 284.0 285.0 0.0 0.0 0.0 0.0 2214.0 0.0 0.0 0.0 0.0 272.0 299.0 296.0 278.0 0.0 242.0 263.0 279.0 285.0 287.0 282.0 283.0 281.0 0.0 263.0 294.0 267.0 257.0 286.0 265.0 279.0 284.0 0.0 279.0 267.0 286.0 268.0 274.0 272.0 287.0 285.0 0.0 285.0 257.0 268.0 286.0
276.0 296.0 281.0 260.0 277.0 0.0 305.0 285.0 298.0 301.0 306.0 277.0 292.0 291.0 0.0 278.0 265.0 268.0 302.0 273.0 290.0 294.0 279.0 0.0 276.0 289.0 275.0 268.0 290.0 288.0 292.0 270.0 0.0 317.0 291.0 262.0 0.0 0.0 0.0 0.0 0.0 2278.0 0.0 0.0 0.0 270.0 284.0 269.0 305.0 330.0 0.0 268.0 259.0 293.0 286.0 261.0 308.0 298.0 273.0 0.0 257.0 307.0 288.0 276.0 290.0 291.0 243.0 281.0 0.0 292.0 293.0 312.0 299.0 278.0 274.0 294.0 277.0 0.0 285.0 289.0 282.0
270.0 261.0 266.0 293.0 305.0 267.0 0.0 252.0 265.0 241.0 295.0 261.0 260.0 287.0 280.0 0.0 294.0 261.0 294.0 283.0 235.0 284.0 263.0 283.0 0.0 269.0 268.0 265.0 274.0 269.0 262.0 270.0 298.0 0.0 277.0 264.0 0.0 0.0 0.0 0.0 0.0 0.0 2179.0 0.0 0.0 267.0 283.0 293.0 249.0 273.0 268.0 0.0 280.0 266.0 297.0 265.0 292.0 278.0 264.0 261.0 0.0 268.0 254.0 288.0 257.0 276.0 267.0 253.0 250.0 0.0 280.0 308.0 257.0 261.0 287.0 286.0 264.0 272.0 0.0 259.0 293.0
271.0 278.0 291.0 261.0 270.0 280.0 267.0 0.0 289.0 244.0 309.0 263.0 257.0 267.0 279.0 293.0 0.0 295.0 253.0 242.0 281.0 278.0 304.0 284.0 291.0 0.0 274.0 283.0 263.0 277.0 294.0 263.0 257.0 282.0 0.0 288.0 0.0 0.0 0.0 0.0 0.0 0.0 0.0 2207.0 0.0 280.0 259.0 258.0 282.0 281.0 273.0 280.0 0.0 294.0 307.0 306.0 267.0 264.0 253.0 311.0 253.0 0.0 246.0 266.0 279.0 278.0 273.0 292.0 251.0 310.0 0.0 258.0 303.0 271.0 292.0 298.0 277.0 272.0 231.0 0.0 263.0
263.0 284.0 267.0 265.0 275.0 263.0 293.0 283.0 0.0 295.0 294.0 261.0 285.0 258.0 257.0 261.0 282.0 0.0 278.0 261.0 275.0 278.0 289.0 279.0 261.0 272.0 0.0 250.0 271.0 280.0 287.0 299.0 282.0 259.0 265.0 0.0 0.0 0.0 0.0 0.0 0.0 0.0 0.0 0.0 2193.0 278.0 250.0 288.0 260.0 277.0 285.0 297.0 258.0 0.0 277.0 281.0 287.0 278.0 264.0 265.0 257.0 284.0 0.0 269.0 263.0 270.0 276.0 277.0 281.0 294.0 263.0 0.0 283.0 289.0 265.0 264.0 254.0 281.0 271.0 286.0 0.0
0.0 270.0 301.0 265.0 290.0 252.0 269.0 277.0 285.0 0.0 281.0 272.0 283.0 287.0 271.0 270.0 265.0 280.0 0.0 245.0 279.0 285.0 289.0 292.0 294.0 254.0 271.0 0.0 275.0 267.0 273.0 261.0 288.0 266.0 294.0 285.0 0.0 298.0 280.0 264.0 272.0 270.0 267.0 280.0 278.0 2209.0 0.0 0.0 0.0 0.0 0.0 0.0 0.0 0.0 0.0 286.0 257.0 297.0 267.0 282.0 268.0 292.0 260.0 0.0 272.0 265.0 271.0 280.0 268.0 302.0 264.0 287.0 0.0 282.0 288.0 271.0 263.0 286.0 273.0 283.0 263.0
306.0 0.0 274.0 271.0 253.0 271.0 320.0 242.0 284.0 286.0 0.0 281.0 259.0 307.0 266.0 276.0 276.0 270.0 286.0 0.0 262.0 265.0 265.0 296.0 264.0 292.0 291.0 287.0 0.0 266.0 272.0 281.0 281.0 280.0 280.0 274.0 267.0 0.0 291.0 288.0 299.0 284.0 283.0 259.0 250.0 0.0 2221.0 0.0 0.0 0.0 0.0 0.0 0.0 0.0 264.0 0.0 277.0 268.0 280.0 286.0 256.0 314.0 276.0 258.0 0.0 288.0 283.0 279.0 281.0 274.0 275.0 283.0 267.0 0.0 282.0 315.0 257.0 256.0 268.0 283.0 293.0
280.0 272.0 0.0 285.0 291.0 292.0 287.0 272.0 278.0 274.0 286.0 0.0 275.0 275.0 296.0 275.0 277.0 299.0 257.0 272.0 0.0 283.0 283.0 292.0 297.0 294.0 279.0 270.0 282.0 0.0 295.0 266.0 283.0 295.0 297.0 269.0 278.0 304.0 0.0 271.0 296.0 269.0 293.0 258.0 288.0 0.0 0.0 2257.0 0.0 0.0 0.0 0.0 0.0 0.0 321.0 280.0 0.0 293.0 283.0 262.0 275.0 279.0 264.0 297.0 290.0 0.0 268.0 284.0 279.0 290.0 272.0 277.0 280.0 271.0 0.0 287.0 279.0 284.0 245.0 308.0 303.0
247.0 263.0 257.0 0.0 289.0 288.0 320.0 298.0 293.0 288.0 309.0 286.0 0.0 289.0 281.0 280.0 267.0 255.0 272.0 273.0 274.0 0.0 289.0 283.0 284.0 285.0 295.0 277.0 280.0 283.0 0.0 273.0 264.0 307.0 284.0 287.0 315.0 282.0 284.0 0.0 278.0 305.0 249.0 282.0 260.0 0.0 0.0 0.0 2255.0 0.0 0.0 0.0 0.0 0.0 307.0 282.0 304.0 0.0 298.0 263.0 257.0 256.0 288.0 273.0 272.0 290.0 0.0 257.0 270.0 274.0 320.0 299.0 276.0 294.0 277.0 0.0 282.0 301.0 284.0 263.0 278.0
276.0 301.0 302.0 268.0 0.0 270.0 286.0 276.0 299.0 296.0 306.0 273.0 290.0 0.0 284.0 261.0 290.0 278.0 281.0 277.0 290.0 288.0 0.0 269.0 308.0 291.0 274.0 260.0 292.0 294.0 292.0 0.0 305.0 298.0 243.0 294.0 277.0 291.0 279.0 270.0 0.0 330.0 273.0 281.0 277.0 0.0 0.0 0.0 0.0 2278.0 0.0 0.0 0.0 0.0 305.0 278.0 276.0 317.0 0.0 268.0 257.0 292.0 285.0 285.0 265.0 289.0 291.0 0.0 259.0 307.0 293.0 289.0 298.0 268.0 275.0 262.0 0.0 293.0 288.0 312.0 282.0
276.0 244.0 286.0 258.0 288.0 0.0 283.0 284.0 255.0 244.0 300.0 239.0 276.0 283.0 0.0 262.0 283.0 287.0 286.0 239.0 276.0 280.0 277.0 0.0 287.0 245.0 284.0 258.0 276.0 280.0 272.0 258.0 0.0 276.0 264.0 290.0 288.0 283.0 277.0 258.0 242.0 0.0 268.0 273.0 285.0 0.0 0.0 0.0 0.0 0.0 2174.0 0.0 0.0 0.0 283.0 262.0 287.0 276.0 268.0 0.0 280.0 271.0 247.0 284.0 283.0 245.0 264.0 273.0 0.0 271.0 274.0 280.0 255.0 287.0 284.0 290.0 285.0 0.0 247.0 280.0 246.0
270.0 271.0 244.0 272.0 307.0 282.0 0.0 286.0 267.0 272.0 268.0 289.0 279.0 277.0 286.0 0.0 254.0 274.0 278.0 286.0 267.0 301.0 255.0 262.0 0.0 265.0 285.0 280.0 284.0 281.0 292.0 260.0 263.0 0.0 256.0 283.0 292.0 275.0 271.0 253.0 263.0 268.0 0.0 280.0 297.0 0.0 0.0 0.0 0.0 0.0 0.0 2199.0 0.0 0.0 273.0 263.0 305.0 287.0 261.0 262.0 0.0 305.0 243.0 256.0 282.0 259.0 265.0 311.0 278.0 0.0 278.0 270.0 278.0 270.0 283.0 250.0 265.0 298.0 0.0 275.0 280.0
232.0 295.0 249.0 245.0 301.0 268.0 282.0 0.0 276.0 274.0 276.0 265.0 250.0 275.0 281.0 258.0 0.0 269.0 248.0 284.0 248.0 282.0 254.0 279.0 289.0 0.0 264.0 279.0 269.0 287.0 278.0 257.0 270.0 258.0 0.0 250.0 287.0 241.0 277.0 267.0 279.0 259.0 280.0 0.0 258.0 0.0 0.0 0.0 0.0 0.0 0.0 0.0 2148.0 0.0 286.0 267.0 290.0 264.0 250.0 278.0 243.0 0.0 270.0 267.0 264.0 267.0 283.0 251.0 250.0 282.0 0.0 284.0 275.0 252.0 265.0 279.0 281.0 263.0 256.0 0.0 277.0
273.0 281.0 284.0 285.0 284.0 286.0 286.0 280.0 0.0 263.0 280.0 269.0 294.0 284.0 256.0 316.0 297.0 0.0 289.0 298.0 280.0 281.0 298.0 284.0 262.0 267.0 0.0 238.0 248.0 307.0 274.0 283.0 301.0 314.0 294.0 0.0 299.0 303.0 251.0 268.0 285.0 293.0 266.0 294.0 0.0 0.0 0.0 0.0 0.0 0.0 0.0 0.0 0.0 2259.0 294.0 280.0 289.0 292.0 272.0 298.0 248.0 286.0 0.0 295.0 281.0 290.0 287.0 272.0 263.0 295.0 276.0 0.0 308.0 288.0 289.0 278.0 281.0 278.0 272.0 265.0 0.0
0.0 273.0 269.0 265.0 313.0 269.0 320.0 306.0 318.0 0.0 322.0 277.0 274.0 273.0 320.0 278.0 297.0 292.0 0.0 289.0 291.0 287.0 299.0 287.0 308.0 297.0 275.0 0.0 304.0 290.0 293.0 296.0 320.0 277.0 276.0 277.0 0.0 288.0 292.0 299.0 287.0 286.0 297.0 307.0 277.0 0.0 264.0 321.0 307.0 305.0 283.0 273.0 286.0 294.0 2333.0 0.0 0.0 0.0 0.0 0.0 0.0 0.0 0.0 0.0 291.0 292.0 311.0 267.0 282.0 311.0 291.0 288.0 0.0 302.0 301.0 297.0 293.0 286.0 269.0 273.0 312.0
265.0 0.0 280.0 272.0 293.0 270.0 278.0 259.0 281.0 266.0 0.0 250.0 304.0 248.0 276.0 308.0 261.0 285.0 272.0 0.0 272.0 287.0 261.0 275.0 281.0 293.0 257.0 248.0 0.0 283.0 280.0 282.0 280.0 274.0 282.0 269.0 283.0 0.0 272.0 248.0 282.0 261.0 265.0 306.0 281.0 286.0 0.0 280.0 282.0 278.0 262.0 263.0 267.0 280.0 0.0 2198.0 0.0 0.0 0.0 0.0 0.0 0.0 0.0 289.0 0.0 264.0 265.0 293.0 258.0 282.0 262.0 285.0 289.0 0.0 297.0 260.0 261.0 316.0 247.0 268.0 260.0
260.0 294.0 0.0 270.0 289.0 294.0 308.0 282.0 288.0 284.0 292.0 0.0 271.0 310.0 264.0 281.0 322.0 261.0 293.0 251.0 0.0 293.0 290.0 297.0 286.0 274.0 301.0 270.0 296.0 0.0 292.0 285.0 284.0 295.0 278.0 285.0 296.0 293.0 0.0 259.0 283.0 308.0 292.0 267.0 287.0 257.0 277.0 0.0 304.0 276.0 287.0 305.0 290.0 289.0 0.0 0.0 2285.0 0.0 0.0 0.0 0.0 0.0 0.0 295.0 277.0 0.0 308.0 291.0 289.0 248.0 271.0 306.0 330.0 305.0 0.0 288.0 261.0 262.0 270.0 301.0 268.0
267.0 310.0 281.0 0.0 292.0 266.0 277.0 315.0 286.0 317.0 299.0 257.0 0.0 293.0 280.0 274.0 284.0 290.0 277.0 280.0 278.0 0.0 286.0 295.0 295.0 282.0 301.0 274.0 239.0 294.0 0.0 284.0 307.0 298.0 304.0 294.0 278.0 304.0 313.0 0.0 281.0 298.0 278.0 264.0 278.0 297.0 268.0 293.0 0.0 317.0 276.0 287.0 264.0 292.0 0.0 0.0 0.0 2294.0 0.0 0.0 0.0 0.0 0.0 281.0 309.0 305.0 0.0 282.0 258.0 306.0 290.0 263.0 303.0 285.0 273.0 0.0 259.0 314.0 279.0 291.0 290.0
270.0 241.0 294.0 265.0 0.0 267.0 297.0 288.0 257.0 261.0 295.0 283.0 274.0 0.0 283.0 265.0 257.0 261.0 266.0 261.0 235.0 269.0 0.0 293.0 292.0 276.0 287.0 293.0 260.0 284.0 262.0 0.0 249.0 278.0 267.0 286.0 305.0 287.0 263.0 270.0 0.0 273.0 264.0 253.0 264.0 267.0 280.0 283.0 298.0 0.0 268.0 261.0 250.0 272.0 0.0 0.0 0.0 0.0 2179.0 0.0 0.0 0.0 0.0 252.0 294.0 269.0 277.0 0.0 280.0 268.0 280.0 259.0 265.0 261.0 268.0 264.0 0.0 266.0 254.0 308.0 293.0
270.0 272.0 278.0 280.0 292.0 0.0 273.0 256.0 278.0 271.0 268.0 286.0 284.0 275.0 0.0 263.0 282.0 270.0 244.0 289.0 267.0 281.0 271.0 0.0 305.0 259.0 283.0 272.0 279.0 301.0 292.0 253.0 0.0 287.0 265.0 250.0 307.0 277.0 255.0 260.0 263.0 0.0 261.0 311.0 265.0 282.0 286.0 262.0 263.0 268.0 0.0 262.0 278.0 298.0 0.0 0.0 0.0 0.0 0.0 2199.0 0.0 0.0 0.0 286.0 254.0 265.0 256.0 280.0 0.0 305.0 278.0 275.0 267.0 274.0 285.0 283.0 297.0 0.0 243.0 270.0 280.0
270.0 259.0 257.0 269.0 258.0 268.0 0.0 251.0 252.0 259.0 218.0 282.0 275.0 287.0 256.0 0.0 264.0 243.0 257.0 282.0 260.0 261.0 244.0 275.0 0.0 240.0 265.0 269.0 275.0 261.0 254.0 234.0 257.0 0.0 260.0 274.0 258.0 287.0 244.0 234.0 294.0 257.0 0.0 253.0 257.0 268.0 256.0 275.0 257.0 257.0 280.0 0.0 243.0 248.0 0.0 0.0 0.0 0.0 0.0 0.0 2084.0 0.0 0.0 251.0 264.0 240.0 260.0 253.0 243.0 0.0 274.0 299.0 252.0 243.0 265.0 274.0 257.0 248.0 0.0 299.0 246.0
287.0 275.0 280.0 286.0 277.0 302.0 311.0 0.0 277.0 276.0 309.0 291.0 261.0 292.0 274.0 282.0 0.0 310.0 323.0 268.0 295.0 305.0 292.0 290.0 248.0 0.0 274.0 262.0 287.0 294.0 304.0 271.0 274.0 306.0 0.0 297.0 294.0 277.0 280.0 318.0 267.0 307.0 268.0 0.0 284.0 292.0 314.0 279.0 256.0 292.0 271.0 305.0 0.0 286.0 0.0 0.0 0.0 0.0 0.0 0.0 0.0 2295.0 0.0 283.0 277.0 288.0 273.0 310.0 282.0 288.0 0.0 294.0 278.0 288.0 288.0 292.0 294.0 295.0 287.0 0.0 273.0
271.0 273.0 258.0 242.0 289.0 273.0 269.0 258.0 0.0 263.0 303.0 248.0 263.0 299.0 268.0 247.0 242.0 0.0 265.0 254.0 278.0 282.0 267.0 245.0 270.0 272.0 0.0 261.0 266.0 258.0 271.0 234.0 284.0 279.0 280.0 0.0 282.0 264.0 291.0 251.0 257.0 288.0 254.0 246.0 0.0 260.0 276.0 264.0 288.0 285.0 247.0 243.0 270.0 0.0 0.0 0.0 0.0 0.0 0.0 0.0 0.0 0.0 2133.0 278.0 243.0 270.0 262.0 231.0 256.0 287.0 306.0 0.0 253.0 254.0 266.0 274.0 271.0 272.0 284.0 259.0 0.0
0.0 289.0 262.0 275.0 274.0 277.0 306.0 262.0 270.0 0.0 271.0 278.0 276.0 313.0 242.0 259.0 288.0 288.0 0.0 306.0 277.0 259.0 261.0 272.0 282.0 276.0 282.0 0.0 258.0 247.0 303.0 261.0 298.0 315.0 281.0 252.0 0.0 289.0 281.0 260.0 286.0 276.0 288.0 266.0 269.0 0.0 258.0 297.0 273.0 285.0 284.0 256.0 267.0 295.0 0.0 289.0 295.0 281.0 252.0 286.0 251.0 283.0 278.0 2215.0 0.0 0.0 0.0 0.0 0.0 0.0 0.0 0.0 0.0 255.0 278.0 288.0 283.0 280.0 258.0 292.0 281.0
242.0 0.0 277.0 277.0 283.0 265.0 297.0 288.0 280.0 280.0 0.0 279.0 250.0 279.0 276.0 261.0 294.0 290.0 260.0 0.0 250.0 276.0 283.0 277.0 322.0 256.0 285.0 285.0 0.0 296.0 258.0 258.0 267.0 284.0 281.0 280.0 291.0 0.0 278.0 286.0 265.0 290.0 257.0 279.0 263.0 272.0 0.0 290.0 272.0 265.0 283.0 282.0 264.0 281.0 291.0 0.0 277.0 309.0 294.0 254.0 264.0 277.0 243.0 0.0 2209.0 0.0 0.0 0.0 0.0 0.0 0.0 0.0 288.0 0.0 262.0 281.0 282.0 297.0 242.0 270.0 287.0
280.0 277.0 0.0 263.0 282.0 254.0 297.0 276.0 264.0 266.0 289.0 0.0 283.0 253.0 292.0 293.0 256.0 261.0 255.0 286.0 0.0 269.0 296.0 294.0 274.0 254.0 265.0 273.0 283.0 0.0 252.0 253.0 285.0 282.0 283.0 282.0 298.0 248.0 0.0 253.0 279.0 291.0 276.0 278.0 270.0 265.0 288.0 0.0 290.0 289.0 245.0 259.0 267.0 290.0 292.0 264.0 0.0 305.0 269.0 265.0 240.0 288.0 270.0 0.0 0.0 2193.0 0.0 0.0 0.0 0.0 0.0 0.0 264.0 258.0 0.0 278.0 272.0 267.0 272.0 291.0 291.0
249.0 283.0 260.0 0.0 288.0 294.0 276.0 281.0 281.0 258.0 268.0 280.0 0.0 270.0 280.0 282.0 281.0 293.0 277.0 261.0 265.0 0.0 284.0 297.0 278.0 283.0 267.0 277.0 299.0 251.0 0.0 253.0 284.0 304.0 274.0 270.0 292.0 294.0 283.0 0.0 284.0 243.0 267.0 273.0 276.0 271.0 283.0 268.0 0.0 291.0 264.0 265.0 283.0 287.0 311.0 265.0 308.0 0.0 277.0 256.0 260.0 273.0 262.0 0.0 0.0 0.0 2212.0 0.0 0.0 0.0 0.0 0.0 277.0 259.0 297.0 0.0 265.0 294.0 280.0 264.0 276.0
271.0 244.0 253.0 283.0 0.0 280.0 307.0 266.0 303.0 278.0 309.0 242.0 263.0 0.0 259.0 306.0 279.0 271.0 291.0 263.0 281.0 277.0 0.0 258.0 267.0 278.0 292.0 261.0 257.0 278.0 294.0 0.0 282.0 264.0 273.0 298.0 270.0 267.0 304.0 263.0 0.0 281.0 253.0 292.0 277.0 280.0 279.0 284.0 257.0 0.0 273.0 311.0 251.0 272.0 267.0 293.0 291.0 282.0 0.0 280.0 253.0 310.0 231.0 0.0 0.0 0.0 0.0 2207.0 0.0 0.0 0.0 0.0 289.0 295.0 274.0 288.0 0.0 294.0 246.0 258.0 263.0
232.0 274.0 248.0 279.0 287.0 0.0 286.0 267.0 275.0 295.0 276.0 284.0 269.0 241.0 0.0 267.0 264.0 252.0 249.0 265.0 248.0 287.0 277.0 0.0 290.0 267.0 265.0 245.0 250.0 282.0 278.0 267.0 0.0 264.0 283.0 279.0 301.0 275.0 254.0 257.0 279.0 0.0 250.0 251.0 281.0 268.0 281.0 279.0 270.0 259.0 0.0 278.0 250.0 263.0 282.0 258.0 289.0 258.0 280.0 0.0 243.0 282.0 256.0 0.0 0.0 0.0 0.0 0.0 2148.0 0.0 0.0 0.0 276.0 269.0 264.0 250.0 258.0 0.0 270.0 284.0 277.0
287.0 276.0 323.0 262.0 294.0 292.0 0.0 283.0 278.0 275.0 309.0 268.0 287.0 277.0 314.0 0.0 277.0 288.0 280.0 291.0 295.0 294.0 280.0 279.0 0.0 288.0 288.0 286.0 261.0 305.0 304.0 318.0 256.0 0.0 273.0 292.0 277.0 292.0 292.0 271.0 267.0 292.0 0.0 310.0 294.0 302.0 274.0 290.0 274.0 307.0 271.0 0.0 282.0 295.0 311.0 282.0 248.0 306.0 268.0 305.0 0.0 288.0 287.0 0.0 0.0 0.0 0.0 0.0 0.0 2295.0 0.0 0.0 277.0 310.0 274.0 297.0 284.0 286.0 0.0 294.0 273.0
336.0 268.0 282.0 238.0 287.0 264.0 291.0 0.0 286.0 268.0 300.0 267.0 287.0 324.0 275.0 262.0 0.0 269.0 282.0 267.0 292.0 315.0 254.0 272.0 271.0 0.0 299.0 238.0 287.0 315.0 258.0 265.0 320.0 290.0 0.0 279.0 287.0 324.0 254.0 265.0 286.0 293.0 280.0 0.0 263.0 264.0 275.0 272.0 320.0 293.0 274.0 278.0 0.0 276.0 291.0 262.0 271.0 290.0 280.0 278.0 274.0 0.0 306.0 0.0 0.0 0.0 0.0 0.0 0.0 0.0 2252.0 0.0 286.0 269.0 299.0 279.0 263.0 276.0 306.0 0.0 274.0
263.0 286.0 292.0 272.0 308.0 283.0 273.0 292.0 0.0 277.0 284.0 276.0 291.0 320.0 283.0 268.0 270.0 0.0 303.0 235.0 268.0 288.0 275.0 308.0 301.0 291.0 0.0 284.0 311.0 291.0 301.0 264.0 263.0 291.0 264.0 0.0 287.0 288.0 264.0 284.0 268.0 312.0 308.0 258.0 0.0 287.0 283.0 277.0 299.0 289.0 280.0 270.0 284.0 0.0 288.0 285.0 306.0 263.0 259.0 275.0 299.0 294.0 0.0 0.0 0.0 0.0 0.0 0.0 0.0 0.0 0.0 2269.0 280.0 297.0 295.0 271.0 286.0 265.0 259.0 316.0 0.0
0.0 293.0 236.0 263.0 268.0 285.0 318.0 270.0 304.0 0.0 294.0 276.0 280.0 292.0 284.0 281.0 280.0 250.0 0.0 273.0 268.0 297.0 292.0 278.0 288.0 264.0 277.0 0.0 245.0 302.0 289.0 259.0 293.0 286.0 281.0 282.0 0.0 288.0 281.0 252.0 274.0 299.0 257.0 303.0 283.0 0.0 267.0 280.0 276.0 298.0 255.0 278.0 275.0 308.0 0.0 289.0 330.0 303.0 265.0 267.0 252.0 278.0 253.0 0.0 288.0 264.0 277.0 289.0 276.0 277.0 286.0 280.0 2237.0 0.0 0.0 0.0 0.0 0.0 0.0 0.0 0.0
275.0 0.0 268.0 274.0 285.0 280.0 292.0 288.0 250.0 254.0 0.0 299.0 270.0 282.0 270.0 285.0 290.0 262.0 270.0 0.0 269.0 268.0 306.0 299.0 261.0 261.0 278.0 272.0 0.0 272.0 293.0 243.0 255.0 290.0 293.0 294.0 302.0 0.0 270.0 269.0 272.0 278.0 261.0 271.0 289.0 282.0 0.0 271.0 294.0 268.0 287.0 270.0 252.0 288.0 302.0 0.0 305.0 285.0 261.0 274.0 243.0 288.0 254.0 255.0 0.0 258.0 259.0 295.0 269.0 310.0 269.0 297.0 0.0 2212.0 0.0 0.0 0.0 0.0 0.0 0.0 0.0
265.0 276.0 0.0 295.0 302.0 271.0 275.0 282.0 277.0 279.0 295.0 0.0 258.0 300.0 291.0 257.0 285.0 278.0 269.0 279.0 0.0 305.0 255.0 279.0 301.0 265.0 290.0 259.0 269.0 0.0 287.0 282.0 295.0 301.0 267.0 283.0 304.0 283.0 0.0 251.0 287.0 274.0 287.0 292.0 265.0 288.0 282.0 0.0 277.0 275.0 284.0 283.0 265.0 289.0 301.0 297.0 0.0 273.0 268.0 285.0 265.0 288.0 266.0 278.0 262.0 0.0 297.0 274.0 264.0 274.0 299.0 295.0 0.0 0.0 2243.0 0.0 0.0 0.0 0.0 0.0 0.0
288.0 256.0 287.0 0.0 305.0 285.0 277.0 252.0 282.0 266.0 298.0 263.0 0.0 288.0 274.0 269.0 280.0 294.0 286.0 280.0 272.0 0.0 275.0 269.0 285.0 282.0 283.0 270.0 257.0 303.0 0.0 265.0 287.0 294.0 270.0 286.0 266.0 285.0 254.0 0.0 285.0 294.0 286.0 298.0 264.0 271.0 315.0 287.0 0.0 262.0 290.0 250.0 279.0 278.0 297.0 260.0 288.0 0.0 264.0 283.0 274.0 292.0 274.0 288.0 281.0 278.0 0.0 288.0 250.0 297.0 279.0 271.0 0.0 0.0 0.0 2232.0 0.0 0.0 0.0 0.0 0.0
263.0 295.0 278.0 250.0 0.0 278.0 277.0 269.0 283.0 284.0 294.0 261.0 271.0 0.0 250.0 281.0 263.0 289.0 267.0 261.0 275.0 280.0 0.0 288.0 287.0 270.0 265.0 265.0 285.0 278.0 287.0 0.0 260.0 278.0 276.0 264.0 275.0 258.0 289.0 299.0 0.0 277.0 264.0 277.0 254.0 263.0 257.0 279.0 282.0 0.0 285.0 265.0 281.0 281.0 293.0 261.0 261.0 259.0 0.0 297.0 257.0 294.0 271.0 283.0 282.0 272.0 265.0 0.0 258.0 284.0 263.0 286.0 0.0 0.0 0.0 0.0 2193.0 0.0 0.0 0.0 0.0
273.0 263.0 289.0 238.0 299.0 0.0 294.0 295.0 308.0 281.0 280.0 298.0 248.0 303.0 0.0 280.0 281.0 288.0 284.0 269.0 280.0 307.0 251.0 0.0 289.0 290.0 289.0 285.0 294.0 281.0 274.0 268.0 0.0 292.0 287.0 278.0 284.0 284.0 298.0 283.0 285.0 0.0 272.0 272.0 281.0 286.0 256.0 284.0 301.0 293.0 0.0 298.0 263.0 278.0 286.0 316.0 262.0 314.0 266.0 0.0 248.0 295.0 272.0 280.0 297.0 267.0 294.0 294.0 0.0 286.0 276.0 265.0 0.0 0.0 0.0 0.0 0.0 2259.0 0.0 0.0 0.0
271.0 263.0 265.0 261.0 282.0 260.0 0.0 278.0 253.0 273.0 303.0 254.0 266.0 264.0 276.0 0.0 243.0 254.0 258.0 248.0 278.0 258.0 291.0 264.0 0.0 270.0 266.0 242.0 263.0 282.0 271.0 251.0 288.0 0.0 262.0 274.0 289.0 299.0 267.0 234.0 257.0 285.0 0.0 231.0 271.0 273.0 268.0 245.0 284.0 288.0 247.0 0.0 256.0 272.0 269.0 247.0 270.0 279.0 254.0 243.0 0.0 287.0 284.0 258.0 242.0 272.0 280.0 246.0 270.0 0.0 306.0 259.0 0.0 0.0 0.0 0.0 0.0 0.0 2133.0 0.0 0.0
263.0 277.0 303.0 284.0 287.0 287.0 288.0 0.0 280.0 286.0 284.0 235.0 311.0 288.0 283.0 285.0 0.0 297.0 292.0 276.0 268.0 291.0 264.0 277.0 306.0 0.0 295.0 272.0 291.0 288.0 301.0 284.0 299.0 263.0 0.0 271.0 308.0 320.0 275.0 264.0 268.0 289.0 259.0 0.0 286.0 283.0 283.0 308.0 263.0 312.0 280.0 275.0 0.0 265.0 273.0 268.0 301.0 291.0 308.0 270.0 299.0 0.0 259.0 292.0 270.0 291.0 264.0 258.0 284.0 294.0 0.0 316.0 0.0 0.0 0.0 0.0 0.0 0.0 0.0 2269.0 0.0
262.0 274.0 271.0 284.0 275.0 263.0 312.0 281.0 0.0 274.0 258.0 288.0 302.0 260.0 293.0 260.0 287.0 0.0 271.0 288.0 266.0 259.0 276.0 303.0 268.0 291.0 0.0 284.0 302.0 259.0 246.0 287.0 278.0 290.0 276.0 0.0 275.0 260.0 276.0 287.0 286.0 282.0 293.0 263.0 0.0 263.0 293.0 303.0 278.0 282.0 246.0 280.0 277.0 0.0 312.0 260.0 268.0 290.0 293.0 280.0 246.0 273.0 0.0 281.0 287.0 291.0 276.0 263.0 277.0 273.0 274.0 0.0 0.0 0.0 0.0 0.0 0.0 0.0 0.0 0.0 2222.0
