64 20000
49512.0 53088.0 56265.0 60276.0 62955.0 65556.0 67347.0 70353.0 53088.0 48696.0 60690.0 56985.0 66771.0 63318.0 68862.0 66942.0 56265.0 60690.0 59838.0 59955.0 59469.0 62412.0 63225.0 63498.0 60276.0 56985.0 59955.0 57972.0 62049.0 60090.0 63576.0 64449.0 62955.0 66771.0 59469.0 62049.0 56976.0 59829.0 56898.0 60405.0 65556.0 63318.0 62412.0 60090.0 59829.0 56694.0 61497.0 55956.0 67347.0 68862.0 63225.0 63576.0 56898.0 61497.0 49806.0 54141.0 70353.0 66942.0 63498.0 64449.0 60405.0 55956.0 54141.0 49608.0
2522.0 0.0 0.0 0.0 0.0 0.0 0.0 0.0 0.0 374.0 373.0 328.0 342.0 395.0 356.0 354.0 0.0 373.0 338.0 380.0 361.0 365.0 370.0 335.0 0.0 328.0 380.0 442.0 348.0 332.0 324.0 368.0 0.0 342.0 361.0 348.0 374.0 398.0 367.0 332.0 0.0 395.0 365.0 332.0 398.0 326.0 363.0 343.0 0.0 356.0 370.0 324.0 367.0 363.0 370.0 372.0 0.0 354.0 335.0 368.0 332.0 343.0 372.0 418.0
0.0 2430.0 0.0 0.0 0.0 0.0 0.0 0.0 304.0 0.0 349.0 365.0 380.0 320.0 366.0 346.0 363.0 0.0 345.0 343.0 338.0 371.0 341.0 329.0 349.0 0.0 346.0 382.0 341.0 362.0 327.0 323.0 364.0 0.0 371.0 338.0 296.0 325.0 351.0 385.0 338.0 0.0 348.0 342.0 340.0 356.0 348.0 358.0 350.0 0.0 351.0 321.0 357.0 362.0 353.0 336.0 362.0 0.0 320.0 339.0 378.0 334.0 344.0 353.0
0.0 0.0 2504.0 0.0 0.0 0.0 0.0 0.0 363.0 350.0 0.0 361.0 376.0 367.0 362.0 325.0 348.0 369.0 0.0 348.0 346.0 354.0 383.0 356.0 315.0 346.0 0.0 363.0 366.0 367.0 335.0 412.0 364.0 387.0 0.0 360.0 352.0 347.0 337.0 357.0 391.0 358.0 0.0 361.0 350.0 350.0 373.0 321.0 344.0 341.0 0.0 344.0 356.0 380.0 358.0 381.0 379.0 353.0 0.0 367.0 358.0 339.0 356.0 352.0
0.0 0.0 0.0 2479.0 0.0 0.0 0.0 0.0 349.0 320.0 338.0 0.0 344.0 382.0 376.0 370.0 315.0 364.0 386.0 0.0 352.0 347.0 369.0 346.0 364.0 358.0 366.0 0.0 341.0 358.0 344.0 348.0 359.0 353.0 333.0 0.0 365.0 351.0 347.0 371.0 346.0 378.0 364.0 0.0 336.0 340.0 364.0 351.0 367.0 348.0 343.0 0.0 377.0 357.0 348.0 339.0 379.0 358.0 349.0 0.0 364.0 344.0 331.0 354.0
0.0 0.0 0.0 0.0 2541.0 0.0 0.0 0.0 364.0 366.0 350.0 358.0 0.0 395.0 328.0 380.0 364.0 357.0 401.0 365.0 0.0 325.0 359.0 370.0 359.0 367.0 351.0 363.0 0.0 368.0 362.0 371.0 342.0 387.0 348.0 348.0 0.0 365.0 397.0 354.0 391.0 332.0 358.0 372.0 0.0 365.0 355.0 368.0 364.0 367.0 350.0 362.0 0.0 359.0 385.0 354.0 357.0 365.0 383.0 373.0 0.0 364.0 355.0 344.0
0.0 0.0 0.0 0.0 0.0 2516.0 0.0 0.0 338.0 344.0 380.0 350.0 391.0 0.0 355.0 358.0 391.0 337.0 380.0 365.0 354.0 0.0 345.0 344.0 346.0 383.0 354.0 345.0 360.0 0.0 342.0 386.0 391.0 380.0 355.0 354.0 346.0 0.0 355.0 335.0 354.0 375.0 326.0 369.0 348.0 0.0 373.0 371.0 351.0 351.0 375.0 363.0 358.0 0.0 360.0 358.0 345.0 346.0 346.0 370.0 359.0 0.0 386.0 364.0
0.0 0.0 0.0 0.0 0.0 0.0 2490.0 0.0 350.0 339.0 356.0 389.0 372.0 337.0 0.0 347.0 344.0 373.0 340.0 349.0 368.0 350.0 0.0 366.0 367.0 367.0 363.0 328.0 343.0 347.0 0.0 375.0 364.0 353.0 356.0 340.0 355.0 361.0 0.0 361.0 351.0 347.0 366.0 352.0 341.0 366.0 0.0 367.0 364.0 346.0 364.0 351.0 370.0 358.0 0.0 337.0 350.0 365.0 345.0 381.0 341.0 371.0 0.0 337.0
0.0 0.0 0.0 0.0 0.0 0.0 0.0 2518.0 362.0 359.0 371.0 368.0 360.0 357.0 341.0 0.0 379.0 344.0 372.0 334.0 348.0 366.0 375.0 0.0 379.0 370.0 324.0 341.0 356.0 358.0 390.0 0.0 357.0 363.0 343.0 367.0 366.0 344.0 378.0 0.0 345.0 368.0 351.0 364.0 378.0 345.0 367.0 0.0 350.0 375.0 389.0 359.0 347.0 364.0 334.0 0.0 346.0 339.0 368.0 385.0 363.0 384.0 333.0 0.0
0.0 304.0 363.0 349.0 364.0 338.0 350.0 362.0 2430.0 0.0 0.0 0.0 0.0 0.0 0.0 0.0 0.0 349.0 345.0 346.0 371.0 348.0 351.0 320.0 0.0 365.0 343.0 382.0 338.0 342.0 321.0 339.0 0.0 380.0 338.0 341.0 296.0 340.0 357.0 378.0 0.0 320.0 371.0 362.0 325.0 356.0 362.0 334.0 0.0 366.0 341.0 327.0 351.0 348.0 353.0 344.0 0.0 346.0 329.0 323.0 385.0 358.0 336.0 353.0
374.0 0.0 350.0 320.0 366.0 344.0 339.0 359.0 0.0 2452.0 0.0 0.0 0.0 0.0 0.0 0.0 350.0 0.0 360.0 356.0 325.0 341.0 342.0 378.0 320.0 0.0 356.0 378.0 336.0 336.0 377.0 349.0 366.0 0.0 325.0 336.0 368.0 352.0 378.0 327.0 344.0 0.0 341.0 336.0 352.0 374.0 370.0 335.0 339.0 0.0 342.0 377.0 378.0 370.0 308.0 338.0 359.0 0.0 378.0 349.0 327.0 335.0 338.0 366.0
373.0 349.0 0.0 338.0 350.0 380.0 356.0 371.0 0.0 0.0 2517.0 0.0 0.0 0.0 0.0 0.0 369.0 364.0 0.0 368.0 346.0 357.0 370.0 343.0 364.0 370.0 0.0 364.0 368.0 361.0 336.0 354.0 357.0 354.0 0.0 364.0 361.0 378.0 348.0 355.0 337.0 354.0 0.0 360.0 346.0 360.0 380.0 380.0 373.0 357.0 0.0 354.0 382.0 341.0 358.0 352.0 344.0 369.0 0.0 369.0 364.0 340.0 369.0 362.0
328.0 365.0 361.0 0.0 358.0 350.0 389.0 368.0 0.0 0.0 0.0 2519.0 0.0 0.0 0.0 0.0 346.0 370.0 342.0 0.0 366.0 352.0 368.0 375.0 358.0 382.0 343.0 0.0 350.0 372.0 336.0 378.0 367.0 377.0 367.0 0.0 357.0 360.0 360.0 331.0 383.0 327.0 375.0 0.0 397.0 321.0 342.0 374.0 367.0 361.0 377.0 0.0 332.0 393.0 361.0 328.0 370.0 337.0 354.0 0.0 359.0 371.0 363.0 365.0
342.0 380.0 376.0 344.0 0.0 391.0 372.0 360.0 0.0 0.0 0.0 0.0 2565.0 0.0 0.0 0.0 387.0 354.0 387.0 355.0 0.0 375.0 358.0 349.0 353.0 377.0 350.0 376.0 0.0 372.0 335.0 402.0 387.0 344.0 343.0 356.0 0.0 367.0 391.0 377.0 380.0 407.0 361.0 367.0 0.0 347.0 355.0 348.0 353.0 348.0 413.0 358.0 0.0 365.0 365.0 363.0 363.0 355.0 335.0 409.0 0.0 348.0 389.0 366.0
395.0 320.0 367.0 382.0 395.0 0.0 337.0 357.0 0.0 0.0 0.0 0.0 0.0 2553.0 0.0 0.0 358.0 354.0 381.0 354.0 354.0 0.0 390.0 362.0 378.0 327.0 385.0 361.0 364.0 0.0 361.0 377.0 332.0 407.0 364.0 343.0 366.0 0.0 359.0 382.0 375.0 380.0 331.0 368.0 367.0 0.0 375.0 357.0 347.0 391.0 338.0 343.0 366.0 0.0 395.0 373.0 368.0 374.0 387.0 402.0 341.0 0.0 336.0 345.0
356.0 366.0 362.0 376.0 328.0 355.0 0.0 341.0 0.0 0.0 0.0 0.0 0.0 0.0 2484.0 0.0 341.0 357.0 382.0 371.0 359.0 355.0 0.0 319.0 348.0 361.0 339.0 368.0 327.0 357.0 0.0 384.0 367.0 348.0 371.0 349.0 370.0 334.0 0.0 345.0 351.0 391.0 341.0 344.0 353.0 353.0 0.0 351.0 346.0 320.0 369.0 338.0 359.0 373.0 0.0 379.0 375.0 341.0 320.0 338.0 388.0 357.0 0.0 365.0
354.0 346.0 325.0 370.0 380.0 358.0 347.0 0.0 0.0 0.0 0.0 0.0 0.0 0.0 0.0 2480.0 353.0 369.0 365.0 334.0 346.0 350.0 363.0 0.0 358.0 337.0 368.0 335.0 372.0 352.0 358.0 0.0 365.0 355.0 359.0 366.0 336.0 360.0 339.0 0.0 346.0 374.0 358.0 355.0 351.0 337.0 359.0 0.0 365.0 341.0 362.0 327.0 364.0 353.0 368.0 0.0 339.0 358.0 343.0 393.0 331.0 370.0 346.0 0.0
0.0 363.0 348.0 315.0 364.0 391.0 344.0 379.0 0.0 350.0 369.0 346.0 387.0 358.0 341.0 353.0 2504.0 0.0 0.0 0.0 0.0 0.0 0.0 0.0 0.0 361.0 348.0 363.0 360.0 361.0 344.0 367.0 0.0 376.0 346.0 366.0 352.0 350.0 356.0 358.0 0.0 367.0 354.0 367.0 347.0 350.0 380.0 339.0 0.0 362.0 383.0 335.0 337.0 373.0 358.0 356.0 0.0 325.0 356.0 412.0 357.0 321.0 381.0 352.0
373.0 0.0 369.0 364.0 357.0 337.0 373.0 344.0 349.0 0.0 364.0 370.0 354.0 354.0 357.0 369.0 0.0 2517.0 0.0 0.0 0.0 0.0 0.0 0.0 338.0 0.0 368.0 364.0 364.0 360.0 354.0 369.0 350.0 0.0 346.0 368.0 361.0 346.0 382.0 364.0 380.0 0.0 357.0 361.0 378.0 360.0 341.0 340.0 356.0 0.0 370.0 336.0 348.0 380.0 358.0 369.0 371.0 0.0 343.0 354.0 355.0 380.0 352.0 362.0
338.0 345.0 0.0 386.0 401.0 380.0 340.0 372.0 345.0 360.0 0.0 342.0 387.0 381.0 382.0 365.0 0.0 0.0 2562.0 0.0 0.0 0.0 0.0 0.0 386.0 342.0 0.0 354.0 360.0 370.0 369.0 381.0 401.0 387.0 0.0 360.0 318.0 333.0 387.0 376.0 380.0 381.0 0.0 370.0 333.0 382.0 361.0 355.0 340.0 382.0 0.0 369.0 387.0 361.0 358.0 365.0 372.0 365.0 0.0 381.0 376.0 355.0 365.0 348.0
380.0 343.0 348.0 0.0 365.0 365.0 349.0 334.0 346.0 356.0 368.0 0.0 355.0 354.0 371.0 334.0 0.0 0.0 0.0 2484.0 0.0 0.0 0.0 0.0 366.0 343.0 356.0 0.0 338.0 329.0 358.0 394.0 351.0 350.0 358.0 0.0 363.0 381.0 338.0 343.0 354.0 385.0 331.0 0.0 356.0 329.0 364.0 365.0 363.0 339.0 355.0 0.0 365.0 337.0 360.0 365.0 324.0 368.0 368.0 0.0 342.0 389.0 344.0 349.0
361.0 338.0 346.0 352.0 0.0 354.0 368.0 348.0 371.0 325.0 346.0 366.0 0.0 354.0 359.0 346.0 0.0 0.0 0.0 0.0 2467.0 0.0 0.0 0.0 333.0 367.0 358.0 377.0 0.0 330.0 330.0 372.0 348.0 343.0 356.0 352.0 0.0 375.0 346.0 347.0 355.0 364.0 349.0 337.0 0.0 350.0 363.0 349.0 356.0 371.0 353.0 344.0 0.0 362.0 349.0 332.0 343.0 359.0 359.0 339.0 0.0 342.0 352.0 373.0
365.0 371.0 354.0 347.0 325.0 0.0 350.0 366.0 348.0 341.0 357.0 352.0 375.0 0.0 355.0 350.0 0.0 0.0 0.0 0.0 0.0 2478.0 0.0 0.0 364.0 375.0 331.0 375.0 324.0 0.0 347.0 362.0 358.0 361.0 349.0 336.0 373.0 0.0 361.0 340.0 326.0 331.0 370.0 362.0 342.0 0.0 379.0 368.0 366.0 341.0 375.0 348.0 368.0 0.0 357.0 323.0 351.0 358.0 342.0 358.0 371.0 0.0 329.0 369.0
370.0 341.0 383.0 369.0 359.0 345.0 0.0 375.0 351.0 342.0 370.0 368.0 358.0 390.0 0.0 363.0 0.0 0.0 0.0 0.0 0.0 0.0 2542.0 0.0 343.0 377.0 355.0 369.0 371.0 389.0 0.0 338.0 350.0 413.0 353.0 357.0 352.0 350.0 0.0 367.0 375.0 338.0 375.0 356.0 392.0 343.0 0.0 363.0 364.0 369.0 370.0 336.0 348.0 388.0 0.0 367.0 389.0 362.0 336.0 387.0 362.0 337.0 0.0 369.0
335.0 329.0 356.0 346.0 370.0 344.0 366.0 0.0 320.0 378.0 343.0 375.0 349.0 362.0 319.0 0.0 0.0 0.0 0.0 0.0 0.0 0.0 0.0 2446.0 349.0 354.0 368.0 362.0 338.0 353.0 322.0 0.0 383.0 335.0 359.0 316.0 335.0 356.0 362.0 0.0 346.0 387.0 342.0 339.0 343.0 334.0 355.0 0.0 345.0 320.0 336.0 356.0 379.0 342.0 368.0 0.0 368.0 343.0 342.0 352.0 332.0 355.0 354.0 0.0
0.0 349.0 315.0 364.0 359.0 346.0 367.0 379.0 0.0 320.0 364.0 358.0 353.0 378.0 348.0 358.0 0.0 338.0 386.0 366.0 333.0 364.0 343.0 349.0 2479.0 0.0 0.0 0.0 0.0 0.0 0.0 0.0 0.0 344.0 352.0 341.0 365.0 336.0 377.0 364.0 0.0 382.0 347.0 358.0 351.0 340.0 357.0 344.0 0.0 376.0 369.0 344.0 347.0 364.0 348.0 331.0 0.0 370.0 346.0 348.0 371.0 351.0 339.0 354.0
328.0 0.0 346.0 358.0 367.0 383.0 367.0 370.0 365.0 0.0 370.0 382.0 377.0 327.0 361.0 337.0 361.0 0.0 342.0 343.0 367.0 375.0 377.0 354.0 0.0 2519.0 0.0 0.0 0.0 0.0 0.0 0.0 358.0 0.0 366.0 350.0 357.0 397.0 332.0 359.0 350.0 0.0 352.0 372.0 360.0 321.0 393.0 371.0 389.0 0.0 368.0 336.0 360.0 342.0 361.0 363.0 368.0 0.0 375.0 378.0 331.0 374.0 328.0 365.0
380.0 346.0 0.0 366.0 351.0 354.0 363.0 324.0 343.0 356.0 0.0 343.0 350.0 385.0 339.0 368.0 348.0 368.0 0.0 356.0 358.0 331.0 355.0 368.0 0.0 0.0 2484.0 0.0 0.0 0.0 0.0 0.0 365.0 355.0 0.0 338.0 363.0 356.0 365.0 342.0 365.0 354.0 0.0 329.0 381.0 329.0 337.0 389.0 349.0 371.0 0.0 358.0 338.0 364.0 360.0 344.0 334.0 334.0 0.0 394.0 343.0 365.0 365.0 349.0
442.0 382.0 363.0 0.0 363.0 345.0 328.0 341.0 382.0 378.0 364.0 0.0 376.0 361.0 368.0 335.0 363.0 364.0 354.0 0.0 377.0 375.0 369.0 362.0 0.0 0.0 0.0 2564.0 0.0 0.0 0.0 0.0 363.0 376.0 377.0 0.0 330.0 386.0 356.0 376.0 345.0 361.0 375.0 0.0 386.0 400.0 369.0 328.0 328.0 368.0 369.0 0.0 356.0 369.0 384.0 390.0 341.0 335.0 362.0 0.0 376.0 328.0 390.0 432.0
348.0 341.0 366.0 341.0 0.0 360.0 343.0 356.0 338.0 336.0 368.0 350.0 0.0 364.0 327.0 372.0 360.0 364.0 360.0 338.0 0.0 324.0 371.0 338.0 0.0 0.0 0.0 0.0 2455.0 0.0 0.0 0.0 348.0 356.0 352.0 358.0 0.0 329.0 343.0 369.0 354.0 343.0 336.0 360.0 0.0 330.0 388.0 344.0 340.0 349.0 357.0 334.0 0.0 384.0 348.0 343.0 367.0 366.0 316.0 374.0 0.0 364.0 335.0 333.0
332.0 362.0 367.0 358.0 368.0 0.0 347.0 358.0 342.0 336.0 361.0 372.0 372.0 0.0 357.0 352.0 361.0 360.0 370.0 329.0 330.0 0.0 389.0 353.0 0.0 0.0 0.0 0.0 0.0 2492.0 0.0 0.0 372.0 367.0 337.0 360.0 330.0 0.0 369.0 357.0 369.0 368.0 362.0 364.0 335.0 0.0 334.0 360.0 352.0 344.0 356.0 337.0 398.0 0.0 339.0 366.0 364.0 355.0 339.0 372.0 359.0 0.0 357.0 346.0
324.0 327.0 335.0 344.0 362.0 342.0 0.0 390.0 321.0 377.0 336.0 336.0 335.0 361.0 0.0 358.0 344.0 354.0 369.0 358.0 330.0 347.0 0.0 322.0 0.0 0.0 0.0 0.0 0.0 0.0 2424.0 0.0 362.0 358.0 344.0 334.0 350.0 348.0 0.0 328.0 363.0 343.0 348.0 337.0 336.0 354.0 0.0 343.0 351.0 338.0 336.0 356.0 360.0 343.0 0.0 340.0 359.0 327.0 356.0 359.0 351.0 329.0 0.0 343.0
368.0 323.0 412.0 348.0 371.0 386.0 375.0 0.0 339.0 349.0 354.0 378.0 402.0 377.0 384.0 0.0 367.0 369.0 381.0 394.0 372.0 362.0 338.0 0.0 0.0 0.0 0.0 0.0 0.0 0.0 0.0 2583.0 373.0 409.0 339.0 374.0 359.0 339.0 390.0 0.0 370.0 402.0 358.0 372.0 342.0 374.0 365.0 0.0 381.0 338.0 387.0 359.0 373.0 377.0 368.0 0.0 385.0 393.0 352.0 358.0 364.0 368.0 363.0 0.0
0.0 364.0 364.0 359.0 342.0 391.0 364.0 357.0 0.0 366.0 357.0 367.0 387.0 332.0 367.0 365.0 0.0 350.0 401.0 351.0 348.0 358.0 350.0 383.0 0.0 358.0 365.0 363.0 348.0 372.0 362.0 373.0 2541.0 0.0 0.0 0.0 0.0 0.0 0.0 0.0 0.0 395.0 325.0 368.0 365.0 365.0 359.0 364.0 0.0 328.0 359.0 362.0 397.0 355.0 385.0 355.0 0.0 380.0 370.0 371.0 354.0 368.0 354.0 344.0
342.0 0.0 387.0 353.0 387.0 380.0 353.0 363.0 380.0 0.0 354.0 377.0 344.0 407.0 348.0 355.0 376.0 0.0 387.0 350.0 343.0 361.0 413.0 335.0 344.0 0.0 355.0 376.0 356.0 367.0 358.0 409.0 0.0 2565.0 0.0 0.0 0.0 0.0 0.0 0.0 391.0 0.0 375.0 372.0 367.0 347.0 365.0 348.0 372.0 0.0 358.0 335.0 391.0 355.0 365.0 389.0 360.0 0.0 349.0 402.0 377.0 348.0 363.0 366.0
361.0 371.0 0.0 333.0 348.0 355.0 356.0 343.0 338.0 325.0 0.0 367.0 343.0 364.0 371.0 359.0 346.0 346.0 0.0 358.0 356.0 349.0 353.0 359.0 352.0 366.0 0.0 377.0 352.0 337.0 344.0 339.0 0.0 0.0 2467.0 0.0 0.0 0.0 0.0 0.0 354.0 354.0 0.0 330.0 375.0 350.0 362.0 342.0 368.0 359.0 0.0 330.0 346.0 363.0 349.0 352.0 348.0 346.0 0.0 372.0 347.0 349.0 332.0 373.0
348.0 338.0 360.0 0.0 348.0 354.0 340.0 367.0 341.0 336.0 364.0 0.0 356.0 343.0 349.0 366.0 366.0 368.0 360.0 0.0 352.0 336.0 357.0 316.0 341.0 350.0 338.0 0.0 358.0 360.0 334.0 374.0 0.0 0.0 0.0 2455.0 0.0 0.0 0.0 0.0 360.0 364.0 324.0 0.0 329.0 330.0 384.0 364.0 343.0 327.0 371.0 0.0 343.0 388.0 348.0 335.0 356.0 372.0 338.0 0.0 369.0 344.0 343.0 333.0
374.0 296.0 352.0 365.0 0.0 346.0 355.0 366.0 296.0 368.0 361.0 357.0 0.0 366.0 370.0 336.0 352.0 361.0 318.0 363.0 0.0 373.0 352.0 335.0 365.0 357.0 363.0 330.0 0.0 330.0 350.0 359.0 0.0 0.0 0.0 0.0 2454.0 0.0 0.0 0.0 346.0 366.0 373.0 330.0 0.0 350.0 341.0 348.0 355.0 370.0 352.0 350.0 0.0 341.0 352.0 334.0 366.0 336.0 335.0 359.0 0.0 348.0 334.0 376.0
398.0 325.0 347.0 351.0 365.0 0.0 361.0 344.0 340.0 352.0 378.0 360.0 367.0 0.0 334.0 360.0 350.0 346.0 333.0 381.0 375.0 0.0 350.0 356.0 336.0 397.0 356.0 386.0 329.0 0.0 348.0 339.0 0.0 0.0 0.0 0.0 0.0 2491.0 0.0 0.0 348.0 367.0 342.0 335.0 374.0 0.0 353.0 372.0 341.0 353.0 392.0 336.0 339.0 0.0 373.0 357.0 378.0 351.0 343.0 342.0 342.0 0.0 372.0 363.0
367.0 351.0 337.0 347.0 397.0 355.0 0.0 378.0 357.0 378.0 348.0 360.0 391.0 359.0 0.0 339.0 356.0 382.0 387.0 338.0 346.0 361.0 0.0 362.0 377.0 332.0 365.0 356.0 343.0 369.0 0.0 390.0 0.0 0.0 0.0 0.0 0.0 0.0 2532.0 0.0 358.0 366.0 368.0 398.0 339.0 362.0 0.0 341.0 370.0 359.0 348.0 360.0 372.0 368.0 0.0 355.0 347.0 364.0 379.0 373.0 344.0 358.0 0.0 367.0
332.0 385.0 357.0 371.0 354.0 335.0 361.0 0.0 378.0 327.0 355.0 331.0 377.0 382.0 345.0 0.0 358.0 364.0 376.0 343.0 347.0 340.0 367.0 0.0 364.0 359.0 342.0 376.0 369.0 357.0 328.0 0.0 0.0 0.0 0.0 0.0 0.0 0.0 0.0 2495.0 359.0 341.0 371.0 359.0 342.0 344.0 379.0 0.0 341.0 388.0 362.0 351.0 344.0 373.0 336.0 0.0 363.0 331.0 332.0 364.0 362.0 364.0 379.0 0.0
0.0 338.0 391.0 346.0 391.0 354.0 351.0 345.0 0.0 344.0 337.0 383.0 380.0 375.0 351.0 346.0 0.0 380.0 380.0 354.0 355.0 326.0 375.0 346.0 0.0 350.0 365.0 345.0 354.0 369.0 363.0 370.0 0.0 391.0 354.0 360.0 346.0 348.0 358.0 359.0 2516.0 0.0 0.0 0.0 0.0 0.0 0.0 0.0 0.0 355.0 345.0 342.0 355.0 373.0 360.0 386.0 0.0 358.0 344.0 386.0 335.0 371.0 358.0 364.0
395.0 0.0 358.0 378.0 332.0 375.0 347.0 368.0 320.0 0.0 354.0 327.0 407.0 380.0 391.0 374.0 367.0 0.0 381.0 385.0 364.0 331.0 338.0 387.0 382.0 0.0 354.0 361.0 343.0 368.0 343.0 402.0 395.0 0.0 354.0 364.0 366.0 367.0 366.0 341.0 0.0 2553.0 0.0 0.0 0.0 0.0 0.0 0.0 337.0 0.0 390.0 361.0 359.0 375.0 395.0 336.0 357.0 0.0 362.0 377.0 382.0 357.0 373.0 345.0
365.0 348.0 0.0 364.0 358.0 326.0 366.0 351.0 371.0 341.0 0.0 375.0 361.0 331.0 341.0 358.0 354.0 357.0 0.0 331.0 349.0 370.0 375.0 342.0 347.0 352.0 0.0 375.0 336.0 362.0 348.0 358.0 325.0 375.0 0.0 324.0 373.0 342.0 368.0 371.0 0.0 0.0 2478.0 0.0 0.0 0.0 0.0 0.0 350.0 355.0 0.0 347.0 361.0 379.0 357.0 329.0 366.0 350.0 0.0 362.0 340.0 368.0 323.0 369.0
332.0 342.0 361.0 0.0 372.0 369.0 352.0 364.0 362.0 336.0 360.0 0.0 367.0 368.0 344.0 355.0 367.0 361.0 370.0 0.0 337.0 362.0 356.0 339.0 358.0 372.0 329.0 0.0 360.0 364.0 337.0 372.0 368.0 372.0 330.0 0.0 330.0 335.0 398.0 359.0 0.0 0.0 0.0 2492.0 0.0 0.0 0.0 0.0 347.0 357.0 389.0 0.0 369.0 334.0 339.0 357.0 358.0 352.0 353.0 0.0 357.0 360.0 366.0 346.0
398.0 340.0 350.0 336.0 0.0 348.0 341.0 378.0 325.0 352.0 346.0 397.0 0.0 367.0 353.0 351.0 347.0 378.0 333.0 356.0 0.0 342.0 392.0 343.0 351.0 360.0 381.0 386.0 0.0 335.0 336.0 342.0 365.0 367.0 375.0 329.0 0.0 374.0 339.0 342.0 0.0 0.0 0.0 0.0 2491.0 0.0 0.0 0.0 361.0 334.0 350.0 348.0 0.0 353.0 373.0 372.0 344.0 360.0 356.0 339.0 0.0 372.0 357.0 363.0
326.0 356.0 350.0 340.0 365.0 0.0 366.0 345.0 356.0 374.0 360.0 321.0 347.0 0.0 353.0 337.0 350.0 360.0 382.0 329.0 350.0 0.0 343.0 334.0 340.0 321.0 329.0 400.0 330.0 0.0 354.0 374.0 365.0 347.0 350.0 330.0 350.0 0.0 362.0 344.0 0.0 0.0 0.0 0.0 0.0 2448.0 0.0 0.0 366.0 353.0 343.0 354.0 362.0 0.0 312.0 358.0 345.0 337.0 334.0 374.0 344.0 0.0 358.0 356.0
363.0 348.0 373.0 364.0 355.0 373.0 0.0 367.0 362.0 370.0 380.0 342.0 355.0 375.0 0.0 359.0 380.0 341.0 361.0 364.0 363.0 379.0 0.0 355.0 357.0 393.0 337.0 369.0 388.0 334.0 0.0 365.0 359.0 365.0 362.0 384.0 341.0 353.0 0.0 379.0 0.0 0.0 0.0 0.0 0.0 0.0 2543.0 0.0 358.0 373.0 388.0 343.0 368.0 374.0 0.0 339.0 364.0 353.0 342.0 377.0 373.0 355.0 0.0 379.0
343.0 358.0 321.0 351.0 368.0 371.0 367.0 0.0 334.0 335.0 380.0 374.0 348.0 357.0 351.0 0.0 339.0 340.0 355.0 365.0 349.0 368.0 363.0 0.0 344.0 371.0 389.0 328.0 344.0 360.0 343.0 0.0 364.0 348.0 342.0 364.0 348.0 372.0 341.0 0.0 0.0 0.0 0.0 0.0 0.0 0.0 0.0 2479.0 371.0 357.0 337.0 329.0 358.0 355.0 372.0 0.0 384.0 370.0 355.0 368.0 364.0 296.0 342.0 0.0
0.0 350.0 344.0 367.0 364.0 351.0 364.0 350.0 0.0 339.0 373.0 367.0 353.0 347.0 346.0 365.0 0.0 356.0 340.0 363.0 356.0 366.0 364.0 345.0 0.0 389.0 349.0 328.0 340.0 352.0 351.0 381.0 0.0 372.0 368.0 343.0 355.0 341.0 370.0 341.0 0.0 337.0 350.0 347.0 361.0 366.0 358.0 371.0 2490.0 0.0 0.0 0.0 0.0 0.0 0.0 0.0 0.0 347.0 366.0 375.0 361.0 367.0 337.0 337.0
356.0 0.0 341.0 348.0 367.0 351.0 346.0 375.0 366.0 0.0 357.0 361.0 348.0 391.0 320.0 341.0 362.0 0.0 382.0 339.0 371.0 341.0 369.0 320.0 376.0 0.0 371.0 368.0 349.0 344.0 338.0 338.0 328.0 0.0 359.0 327.0 370.0 353.0 359.0 388.0 355.0 0.0 355.0 357.0 334.0 353.0 373.0 357.0 0.0 2484.0 0.0 0.0 0.0 0.0 0.0 0.0 341.0 0.0 319.0 384.0 345.0 351.0 379.0 365.0
370.0 351.0 0.0 343.0 350.0 375.0 364.0 389.0 341.0 342.0 0.0 377.0 413.0 338.0 369.0 362.0 383.0 370.0 0.0 355.0 353.0 375.0 370.0 336.0 369.0 368.0 0.0 369.0 357.0 356.0 336.0 387.0 359.0 358.0 0.0 371.0 352.0 392.0 348.0 362.0 345.0 390.0 0.0 389.0 350.0 343.0 388.0 337.0 0.0 0.0 2542.0 0.0 0.0 0.0 0.0 0.0 375.0 363.0 0.0 338.0 367.0 363.0 367.0 369.0
324.0 321.0 344.0 0.0 362.0 363.0 351.0 359.0 327.0 377.0 354.0 0.0 358.0 343.0 338.0 327.0 335.0 336.0 369.0 0.0 344.0 348.0 336.0 356.0 344.0 336.0 358.0 0.0 334.0 337.0 356.0 359.0 362.0 335.0 330.0 0.0 350.0 336.0 360.0 351.0 342.0 361.0 347.0 0.0 348.0 354.0 343.0 329.0 0.0 0.0 0.0 2424.0 0.0 0.0 0.0 0.0 390.0 358.0 322.0 0.0 328.0 343.0 340.0 343.0
367.0 357.0 356.0 377.0 0.0 358.0 370.0 347.0 351.0 378.0 382.0 332.0 0.0 366.0 359.0 364.0 337.0 348.0 387.0 365.0 0.0 368.0 348.0 379.0 347.0 360.0 338.0 356.0 0.0 398.0 360.0 373.0 397.0 391.0 346.0 343.0 0.0 339.0 372.0 344.0 355.0 359.0 361.0 369.0 0.0 362.0 368.0 358.0 0.0 0.0 0.0 0.0 2532.0 0.0 0.0 0.0 378.0 339.0 362.0 390.0 0.0 341.0 355.0 367.0
363.0 362.0 380.0 357.0 359.0 0.0 358.0 364.0 348.0 370.0 341.0 393.0 365.0 0.0 373.0 353.0 373.0 380.0 361.0 337.0 362.0 0.0 388.0 342.0 364.0 342.0 364.0 369.0 384.0 0.0 343.0 377.0 355.0 355.0 363.0 388.0 341.0 0.0 368.0 373.0 373.0 375.0 379.0 334.0 353.0 0.0 374.0 355.0 0.0 0.0 0.0 0.0 0.0 2543.0 0.0 0.0 367.0 359.0 355.0 365.0 379.0 0.0 339.0 379.0
370.0 353.0 358.0 348.0 385.0 360.0 0.0 334.0 353.0 308.0 358.0 361.0 365.0 395.0 0.0 368.0 358.0 358.0 358.0 360.0 349.0 357.0 0.0 368.0 348.0 361.0 360.0 384.0 348.0 339.0 0.0 368.0 385.0 365.0 349.0 348.0 352.0 373.0 0.0 336.0 360.0 395.0 357.0 339.0 373.0 312.0 0.0 372.0 0.0 0.0 0.0 0.0 0.0 0.0 2508.0 0.0 334.0 368.0 368.0 368.0 336.0 372.0 0.0 362.0
372.0 336.0 381.0 339.0 354.0 358.0 337.0 0.0 344.0 338.0 352.0 328.0 363.0 373.0 379.0 0.0 356.0 369.0 365.0 365.0 332.0 323.0 367.0 0.0 331.0 363.0 344.0 390.0 343.0 366.0 340.0 0.0 355.0 389.0 352.0 335.0 334.0 357.0 355.0 0.0 386.0 336.0 329.0 357.0 372.0 358.0 339.0 0.0 0.0 0.0 0.0 0.0 0.0 0.0 0.0 2477.0 333.0 346.0 354.0 363.0 379.0 342.0 360.0 0.0
0.0 362.0 379.0 379.0 357.0 345.0 350.0 346.0 0.0 359.0 344.0 370.0 363.0 368.0 375.0 339.0 0.0 371.0 372.0 324.0 343.0 351.0 389.0 368.0 0.0 368.0 334.0 341.0 367.0 364.0 359.0 385.0 0.0 360.0 348.0 356.0 366.0 378.0 347.0 363.0 0.0 357.0 366.0 358.0 344.0 345.0 364.0 384.0 0.0 341.0 375.0 390.0 378.0 367.0 334.0 333.0 2518.0 0.0 0.0 0.0 0.0 0.0 0.0 0.0
354.0 0.0 353.0 358.0 365.0 346.0 365.0 339.0 346.0 0.0 369.0 337.0 355.0 374.0 341.0 358.0 325.0 0.0 365.0 368.0 359.0 358.0 362.0 343.0 370.0 0.0 334.0 335.0 366.0 355.0 327.0 393.0 380.0 0.0 346.0 372.0 336.0 351.0 364.0 331.0 358.0 0.0 350.0 352.0 360.0 337.0 353.0 370.0 347.0 0.0 363.0 358.0 339.0 359.0 368.0 346.0 0.0 2480.0 0.0 0.0 0.0 0.0 0.0 0.0
335.0 320.0 0.0 349.0 383.0 346.0 345.0 368.0 329.0 378.0 0.0 354.0 335.0 387.0 320.0 343.0 356.0 343.0 0.0 368.0 359.0 342.0 336.0 342.0 346.0 375.0 0.0 362.0 316.0 339.0 356.0 352.0 370.0 349.0 0.0 338.0 335.0 343.0 379.0 332.0 344.0 362.0 0.0 353.0 356.0 334.0 342.0 355.0 366.0 319.0 0.0 322.0 362.0 355.0 368.0 354.0 0.0 0.0 2446.0 0.0 0.0 0.0 0.0 0.0
368.0 339.0 367.0 0.0 373.0 370.0 381.0 385.0 323.0 349.0 369.0 0.0 409.0 402.0 338.0 393.0 412.0 354.0 381.0 0.0 339.0 358.0 387.0 352.0 348.0 378.0 394.0 0.0 374.0 372.0 359.0 358.0 371.0 402.0 372.0 0.0 359.0 342.0 373.0 364.0 386.0 377.0 362.0 0.0 339.0 374.0 377.0 368.0 375.0 384.0 338.0 0.0 390.0 365.0 368.0 363.0 0.0 0.0 0.0 2583.0 0.0 0.0 0.0 0.0
332.0 378.0 358.0 364.0 0.0 359.0 341.0 363.0 385.0 327.0 364.0 359.0 0.0 341.0 388.0 331.0 357.0 355.0 376.0 342.0 0.0 371.0 362.0 332.0 371.0 331.0 343.0 376.0 0.0 359.0 351.0 364.0 354.0 377.0 347.0 369.0 0.0 342.0 344.0 362.0 335.0 382.0 340.0 357.0 0.0 344.0 373.0 364.0 361.0 345.0 367.0 328.0 0.0 379.0 336.0 379.0 0.0 0.0 0.0 0.0 2495.0 0.0 0.0 0.0
343.0 334.0 339.0 344.0 364.0 0.0 371.0 384.0 358.0 335.0 340.0 371.0 348.0 0.0 357.0 370.0 321.0 380.0 355.0 389.0 342.0 0.0 337.0 355.0 351.0 374.0 365.0 328.0 364.0 0.0 329.0 368.0 368.0 348.0 349.0 344.0 348.0 0.0 358.0 364.0 371.0 357.0 368.0 360.0 372.0 0.0 355.0 296.0 367.0 351.0 363.0 343.0 341.0 0.0 372.0 342.0 0.0 0.0 0.0 0.0 0.0 2479.0 0.0 0.0
372.0 344.0 356.0 331.0 355.0 386.0 0.0 333.0 336.0 338.0 369.0 363.0 389.0 336.0 0.0 346.0 381.0 352.0 365.0 344.0 352.0 329.0 0.0 354.0 339.0 328.0 365.0 390.0 335.0 357.0 0.0 363.0 354.0 363.0 332.0 343.0 334.0 372.0 0.0 379.0 358.0 373.0 323.0 366.0 357.0 358.0 0.0 342.0 337.0 379.0 367.0 340.0 355.0 339.0 0.0 360.0 0.0 0.0 0.0 0.0 0.0 0.0 2477.0 0.0
418.0 353.0 352.0 354.0 344.0 364.0 337.0 0.0 353.0 366.0 362.0 365.0 366.0 345.0 365.0 0.0 352.0 362.0 348.0 349.0 373.0 369.0 369.0 0.0 354.0 365.0 349.0 432.0 333.0 346.0 343.0 0.0 344.0 366.0 373.0 333.0 376.0 363.0 367.0 0.0 364.0 345.0 369.0 346.0 363.0 356.0 379.0 0.0 337.0 365.0 369.0 343.0 367.0 379.0 362.0 0.0 0.0 0.0 0.0 0.0 0.0 0.0 0.0 2522.0
