12
1 1 4 8 12 16 20 24 28 32 36 40
1 1 1 4 8 12 16 20 24 28 32 36
4 1 1 1 4 8 12 16 20 24 28 32
8 4 1 1 1 4 8 12 16 20 24 28
12 8 4 1 1 1 4 8 12 16 20 24
16 12 8 4 1 1 1 4 8 12 16 20
20 16 12 8 4 1 1 1 4 8 12 16
24 20 16 12 8 4 1 1 1 4 8 12
28 24 20 16 12 8 4 1 1 1 4 8
32 28 24 20 16 12 8 4 1 1 1 4
36 32 28 24 20 16 12 8 4 1 1 1
40 36 32 28 24 20 16 12 8 4 1 1
82.5 84.0 85.5 87.0 88.5 90.0 91.5 93.0 94.5 96.0 97.5 99.0
84.0 85.22727272727273 86.45454545454545 87.68181818181819 88.9090909090909 90.13636363636364 91.36363636363636 92.5909090909091 93.81818181818181 95.04545454545453 96.27272727272728 97.5
85.5 86.45454545454545 87.4090909090909 88.36363636363636 89.31818181818181 90.27272727272727 91.22727272727273 92.18181818181819 93.13636363636364 94.0909090909091 95.04545454545453 96.0
87.0 87.68181818181819 88.36363636363636 89.04545454545453 89.72727272727273 90.4090909090909 91.0909090909091 91.77272727272727 92.45454545454547 93.13636363636364 93.81818181818181 94.5
88.5 88.9090909090909 89.31818181818181 89.72727272727273 90.13636363636364 90.54545454545453 90.95454545454547 91.36363636363636 91.77272727272727 92.18181818181819 92.5909090909091 93.0
90.0 90.13636363636364 90.27272727272727 90.4090909090909 90.54545454545453 90.68181818181819 90.81818181818181 90.95454545454547 91.0909090909091 91.22727272727273 91.36363636363636 91.5
91.5 91.36363636363636 91.22727272727273 91.0909090909091 90.95454545454547 90.81818181818181 90.68181818181819 90.54545454545453 90.4090909090909 90.27272727272727 90.13636363636364 90.0
93.0 92.5909090909091 92.18181818181819 91.77272727272727 91.36363636363636 90.95454545454547 90.54545454545453 90.13636363636364 89.72727272727273 89.31818181818181 88.9090909090909 88.5
94.5 93.81818181818181 93.13636363636364 92.45454545454547 91.77272727272727 91.0909090909091 90.4090909090909 89.72727272727273 89.04545454545453 88.36363636363636 87.68181818181819 87.0
96.0 95.04545454545453 94.0909090909091 93.13636363636364 92.18181818181819 91.22727272727273 90.27272727272727 89.31818181818181 88.36363636363636 87.4090909090909 86.45454545454547 85.5
97.5 96.27272727272728 95.04545454545453 93.81818181818181 92.5909090909091 91.36363636363636 90.13636363636364 88.9090909090909 87.68181818181819 86.45454545454547 85.22727272727272 84.0
99.0 97.5 96.0 94.5 93.0 91.5 90.0 88.5 87.0 85.5 84.0 82.5
